2861
15526
19619
24949
324850000
21605
179750000
26312
31805
2794
5245
120230000
29229
2080
8515
6119
135930000
17583
24870
26641
17570
2172
266290000
248720000
9154
12910
8630
26107
304880000
11640
759
14238
239360000
14036
180870000
3524
140550000
22924
2870
3696
19806
17215
25690
26829
5228
22050
13571
5977
29353
7237
26002
3401
18824
32792
19013
21290
12149
28205
19958
22212
4128
17471
13574
29251
10008
12660
3220
28313
2203
27615
6642
1310
11437
24393
24153
9337
12391
14641
731
31940
16786
30225
16538
5867
26740
21475
6456
31573
9194
19940
29582
11207
2999
1432
28833
29829
27932
15630
3281
22714
5545
18021
24916
7705
16466
3215
6627
15301
22725
6485
29363
12398
2299
15515
21159
957
17677
14566
21956
30451
18762
6427
23525
10445
16006
5002
28592
12458
30900
7722
6600
29935
952
6182
29764
16555
29302
11417
4705
23671
9263
21142
4211
11937
29709
3692
24610
9865
1788
22568
9426
30538
11196
19291
13411
26013
308
1053
4123
11515
22282
19793
27104
16386
31856
1067
2475
26650
28993
21744
10041
2136
11596
13565
3076
1955
29168
15883
4465
9749
23017
20145
20299
16803
7017
5162
3696
19969
12394
24921
21450
960
22851
30474
6017
2746
11642
8571
31855
9135
11994
20251
7125
5424
4805
1169
14668
24508
13771
20992
29438
32042
28027
11658
16917
12102
11384
22291
24436
8639
11472
10567
24741
25409
5258
31710
8467
31198
18558
31518
19322
5810
24938
6306
6043
11463
30529
31067
4148
28470
14022
1236
29999
31375
30042
31162
3610
11643
14098
11163
32983
29856
23309
19950
32917
3525
25093
28756
26879
1591
803
4125
6578
30827
792
25358
9717
19684
361
16225
11428
599
12298
17678
27758
16654
10543
11337
26689
15754
22367
23884
12289
11884
9162
13654
8576
22934
24284
7412
13739
31885
5906
21375
11777
5153
21005
5094
13898
18257
23525
30381
20101
31081
8383
13622
4386
18285
17570
12864
10609
29882
28038
27565
3675
2795
29614
14728
21840
12538
27704
32326
12672
32167
16883
11340
29518
18718
20592
17586
7169
16852
13660
13127
22973
18610
19468
11221
32691
22645
1882
27814
20116
31829
7600
2630
8523
6628
15202
10379
20971
4666
12097
17619
27366
32335
17773
30093
30849
2728
17514
17147
3716
13878
16502
32053
22070
30843
14618
13170
14472
4846
13568
12419
30865
4513
20484
8352
21050
16161
28557
17511
28987
3997
4382
21794
21574
18251
26408
32329
28801
24584
14371
4168
10554
29247
13276
20609
28631
9483
13073
2709
8203
27040
5435
18143
27728
1511
12459
19010
28305
12904
2264
17189
12582
20333
16120
18363
17414
30052
28877
2440
12856
25734
31170
25121
27531
6070
18998
7475
30343
32428
18712
9158
32419
9042
29620
27843
4793
15982
12236
22196
10166
32642
1003
20172
13206
3056
10742
26919
29840
31074
12292
20050
14477
18281
7023
8718
14559
7269
16940
18257
24112
18852
20055
9614
32952
23246
8210
21302
30900
13440
33168
18815
4883
1591
24941
1380
15986
4976
1857
14829
1098
6157
30324
30640
8808
19451
29524
28056
22686
18962
24164
9957
16057
24124
23031
27252
14002
32474
28158
8001
20265
30051
7711
23082
10766
31310
9735
30966
15266
18483
20480
28309
30110
27181
6598
9385
12977
18818
7062
5702
30256
16006
25993
2038
21514
10428
18208
33025
5370
21055
13600
27115
27392
8800
16800
29757
18961
25489
23136
12169
14606
8322
16732
28584
12019
23689
29601
26694
20561
11079
29280
8609
8446
27529
8769
10893
32266
10604
13561
11196
29686
27589
20767
16444
17697
28863
27707
14145
13443
7622
2849
8997
26781
9892
23677
22957
31408
12266
25006
18830
1582
28818
6616
18735
19566
5858
25396
17073
16547
29844
1707
24877
4111
13875
8612
9020
31348
10696
25114
30397
3788
22710
18673
16850
8249
30947
26250
32044
1855
31000
17813
17289
817
11435
30758
31354
20457
23131
31499
30826
17340
12923
25438
19420
2478
28755
2646
2036
19425
10947
11106
14905
25172
6185
10361
28057
22986
18821
26795
24238
26375
8411
1277
17727
6722
1753
14195
22282
26328
9146
16494
26560
21310
8042
13880
19026
25913
11499
29406
22379
7761
25847
5182
15677
7299
13287
16992
31873
13110
24275
12298
14009
4208
25595
2446
12729
16970
14949
17895
13413
12449
13512
3588
8380
24335
2985
11876
28438
2841
21188
18147
28329
31402
23981
11476
28498
3777
22455
13135
14483
28262
4885
19916
29144
24034
21311
16625
24574
5679
5784
21929
7189
12462
9037
17014
10085
31512
23424
16136
32944
18359
7334
30222
7863
3542
11821
18764
29695
28278
866
7150
24533
28994
21651
5916
12432
3525
21360
7374
6934
21723
32439
23778
19362
20069
22801
16492
29636
24385
1847
8013
31145
19322
6488
29703
11420
10427
959
33231
8909
21770
2737
8420
9297
17842
9620
9504
18283
17025
7511
4812
8714
24884
27149
5561
13458
21808
5083
28300
29151
26483
6933
19034
2184
10953
11172
14453
20832
16451
8107
12933
1859
16357
5482
27354
11279
6559
7266
21760
16112
33407
15801
7316
10209
16932
25569
32343
31855
29814
25973
14209
33216
5012
14179
32600
4053
24078
2640
16128
14860
27989
22328
31637
24809
4207
8021
9847
4373
16111
25411
18405
21415
14373
5473
14286
21411
8850
2938
22755
31936
16286
13221
2545
30575
1934
4201
16750
9752
16816
16421
1874
1959
27864
5039
16680
9031
3088
30780
1124
24941
11148
14464
25335
30233
12764
22806
26145
16473
20837
5153
11142
17166
11794
14388
22661
6898
2887
28271
22469
5594
5655
11243
5392
20281
8118
21081
11109
30182
23601
17381
14664
7967
31068
28257
20317
19149
8716
4511
11573
32009
16775
17694
16488
4320
6969
33001
6628
10323
2729
11709
19844
23970
32683
32874
28645
6603
2774
9339
9845
13389
3640
31257
32204
16433
26185
27437
31296
10827
7966
7109
5811
3262
2527
31161
9648
23486
18043
28558
18615
20378
5530
16026
29140
12281
1748
17513
9078
25699
22304
12128
25215
28164
5007
26272
3736
11949
21562
10542
5319
8476
9080
10320
12355
26237
25941
8506
11655
19761
21312
14825
25509
13517
24580
9552
22493
29542
6138
21170
16238
8204
20860
11343
21420
26260
16796
10562
11347
18587
18710
13994
5147
28615
3460
15368
2956
30032
13009
16104
28180
17087
18672
27076
27991
28662
16846
31269
22214
17009
33669
23051
22387
12747
27346
26767
12835
5508
20937
13767
7077
24577
28359
13802
12643
2772
8105
12212
15927
6206
30011
27148
16768
19954
4851
23781
27764
3356
14048
26978
2488
27554
32221
23869
33582
29354
14346
17769
31246
9820
24957
21494
9528
15081
4916
23862
27080
6860
32846
12318
25067
8784
21371
19950
17906
13394
32946
17685
27557
3144
24354
13134
20442
29058
8042
13072
24134
12208
29196
14373
27538
30885
29215
8088
5553
4954
10309
30421
32370
31798
14813
15884
5201
23180
6266
10710
23955
28518
17811
10267
31122
24961
32380
11315
19541
2712
25748
1611
2147
10725
30145
18955
2777
8166
26905
2166
15803
5981
17378
24849
29832
16282
15037
11847
30481
31740
13086
20748
11914
11446
30975
24513
10466
29903
31958
15447
26192
8557
11716
21944
9519
5714
17423
6242
8203
25511
4050
21077
29180
26872
8179
3632
5426
10625
21846
10647
12242
13736
13904
10967
8961
19914
5727
6605
4157
8762
26136
24580
18676
21639
16224
29725
23631
7678
33247
21620
14159
16240
5042
5376
2844
7734
6752
33915
28058
12913
16400
11459
26684
10902
22777
12929
26909
26667
32025
22536
19021
14795
27178
10112
25448
30320
16850
2115
22894
24050
30746
17287
8398
25290
1569
15422
26052
16668
13586
24122
20197
1781
5459
2197
19961
29137
30207
30544
29448
17760
28823
28730
30136
32649
23796
14099
26838
3504
16768
3314
19506
26420
5030
16100
28848
12604
23687
2006
25244
20404
5615
18869
20030
1938
21383
25043
4782
5726
3148
7309
30442
25329
6207
3115
13606
11133
13918
18183
20579
21709
11988
20722
26691
16078
25965
13267
32540
16975
28748
2961
26187
15365
1760
2355
17611
18642
23828
12614
27654
5958
16070
22911
28394
29287
32635
10658
12096
27053
4689
9122
21817
14929
24117
30474
25930
24008
8789
9115
26682
24970
32472
12087
22906
27671
30157
29438
20404
4924
30818
17334
5030
26514
21591
31088
6449
22857
5554
6760
3757
23075
12467
11566
30336
24771
2058
30211
32495
12584
9032
9094
3124
3701
10644
11920
10448
14835
29855
29020
20514
25432
20442
14827
18233
28234
14310
23462
30695
12575
11851
33862
33302
4327
30062
22513
30559
7852
18621
6309
29913
6648
25901
23770
3887
31896
30182
6499
17654
29600
14652
33430
27453
27055
29154
2220
18533
1652
30810
29547
20787
18289
32944
24834
15395
5631
26728
11316
24319
32403
8373
32184
2737
27967
2284
3296
22870
4988
19767
21370
8851
23334
7566
14580
2604
2760
20707
30915
23762
32538
18589
18436
12093
7624
10312
32356
29563
25973
13707
17982
30856
16128
29786
6148
2078
29702
21356
34016
5838
28328
31984
5275
14928
9870
8060
15037
23064
24363
17222
9974
20009
6979
32662
29884
24622
27051
9339
32310
25287
28497
11454
22105
21281
21116
3092
11857
14537
27476
11671
10786
14274
23972
13943
26767
2261
32735
24813
16955
19496
13153
33649
33806
27154
4600
6189
10458
30254
5283
22705
22078
18606
6041
16872
8395
16882
24461
5195
23398
27738
33841
9300
30189
28760
25593
3894
12062
3785
34081
10187
7604
5509
2033
12238
21714
33332
3648
12618
10149
18276
15415
3154
20550
26585
13911
3315
32221
23588
16573
7527
3596
30328
25509
26763
30091
14520
14638
32916
7183
20692
18525
24061
12145
12118
4451
19139
12812
27704
12067
3541
18535
28153
12783
27334
2580
1776
6034
18886
22999
31967
33940
7120
2315
11979
8889
20261
19010
19723
18635
26616
14124
22432
20377
4459
28090
22212
14400
15034
2178
33221
1961
5302
30310
18452
31571
33654
30064
28825
31571
22601
13569
17226
28057
26606
25387
28924
20084
20744
10587
11641
12889
1740
23611
12242
5344
29693
25302
3319
6415
18970
6398
8324
7899
20694
12522
30686
20972
18888
22564
29567
5537
15460
9123
4750
29268
15914
1843
7347
26591
2845
23582
7721
18782
33399
15109
27157
34359
23451
11535
5910
33880
10059
30790
10781
28608
28955
2877
25471
9025
5413
19446
25160
3716
7679
19972
4563
15693
16106
13293
5527
25600
15948
16338
10052
5477
25697
22354
6927
34216
16941
32427
32329
32420
25781
3874
33847
26976
18542
11430
13598
4314
8438
16048
5021
33284
18690
28781
11327
11533
28312
31775
17233
11233
20350
17857
5361
20979
6642
2281
23400
26938
17819
7667
4026
16505
30912
6748
6267
28356
19896
20588
23267
28736
3233
29208
25125
32810
11605
23334
4349
21531
13722
18066
4488
7306
18329
29489
30553
28306
29842
31636
18377
31477
10189
25903
23694
13922
15828
10938
21648
22259
7135
17880
1784
19194
23440
31735
11401
3325
24288
29303
13107
30975
24666
19982
28645
1793
21383
24939
8868
3785
10665
12057
32986
30946
20139
17063
14832
32996
29273
9478
10782
27894
29133
28722
12162
24208
29993
17940
21872
8326
5516
11944
18954
5698
7998
8539
21008
12368
17454
15799
12025
2593
21151
30529
11074
5384
17438
14498
16646
29833
14519
16902
3791
28627
12904
18114
3756
7307
9430
3641
17283
9931
11583
7168
20649
23147
34480
9024
12208
20863
3704
18780
30848
27680
27868
31700
28585
30064
13836
23914
20216
6616
5974
3715
31817
4756
25754
21711
8859
10866
6654
26156
24938
32726
9698
23240
34361
10242
3863
2694
33902
6036
19275
22948
8034
29776
22984
14490
31417
13344
30303
23365
34031
11609
30878
27460
28724
31808
13130
14755
11642
25037
26633
13238
7628
32687
9054
8008
28129
5519
5338
25078
20465
9113
14225
22485
1991
5689
24268
32091
32024
24354
31485
28796
18451
8085
11000
3347
27705
18400
27999
10372
13679
20517
34398
12447
27473
28252
28057
12744
20170
28059
22627
2133
5601
2709
13361
16696
22998
31074
9550
28126
11118
30846
24016
28503
16779
5395
24778
31926
30207
33915
34243
26811
33954
14080
20583
27311
16547
2023
28797
28304
13339
11950
32281
12398
24040
21905
17939
10005
33208
31059
15031
33260
15972
30266
23742
15901
24192
26204
12414
5878
5936
13593
4957
21904
10556
3049
34187
17326
6247
31832
15345
17895
27901
2894
3684
24840
13228
33172
5663
11956
12180
9620
4208
34125
29345
16992
22961
22296
20505
8182
5242
3227
23921
20675
20757
24138
30053
30821
18738
29027
29000
28597
33756
15383
3224
27141
30124
29930
9941
32678
28989
4444
22419
16814
31711
6089
2255
15095
23184
18574
2943
33387
27432
25197
23148
17023
7635
34355
32580
23038
8900
32151
19947
31240
8232
26982
27155
25946
33881
6877
19212
13520
18517
7254
12765
17703
13934
11560
17811
12808
2371
13512
18905
33346
30446
28980
9161
26968
31871
25745
8450
16955
32170
17938
13563
10072
3260
31261
8343
19413
28371
21929
14329
31256
12367
12523
15001
23434
23940
3377
29079
28058
13233
21006
2128
18436
24118
26039
21296
6227
5121
9389
30919
30372
10570
31900
12574
30638
27008
11907
3915
8191
19843
31766
2371
7304
25107
17505
12784
25692
29321
21421
22915
10165
19396
27303
34828
12344
11111
16575
34375
5754
12098
34255
26809
28866
22797
9981
20732
24337
31324
23266
22872
6239
7375
14572
24211
23848
14985
24576
7177
29479
23268
28772
19967
3682
26467
23773
20020
19302
19689
22292
24249
7892
15656
23358
5891
24092
9307
7932
10047
17801
10040
26496
26085
8062
15648
2802
23440
28927
15002
8466
16653
20338
24575
10014
9137
17319
16503
6902
9200
24087
5411
20862
33324
24681
20636
3140
28107
8251
34461
4707
19084
34590
31740
20647
24603
21474
29407
17649
10211
33045
34604
14557
11555
29894
12097
4003
13124
23950
13542
11067
5738
24786
14975
11461
6729
32322
8327
5159
6970
19621
24377
33528
21901
29657
10384
9885
14113
34837
26226
3505
28467
10866
26920
27819
12404
4778
23058
5562
22878
26143
18073
10228
30407
32799
22372
14768
21687
3942
34767
33328
4471
11492
29081
18052
26346
20417
32988
3498
7712
17055
9283
24570
24873
32287
19831
5570
24359
3238
21978
31021
30375
23393
7032
16233
23090
7302
27195
7432
25374
7901
34142
31143
34474
16000
25891
34510
8523
21215
31945
15896
3136
15878
7352
2708
12652
33059
17664
8554
4453
31298
31745
19906
28617
12124
32107
13281
6609
19088
21866
20373
31528
11184
15386
12756
29949
13055
17729
16800
11095
10553
14397
33837
15528
26836
9275
12358
6054
11398
33962
4333
25430
9991
2544
31554
11625
18456
23131
23462
21196
21188
24410
7711
22139
10470
29421
30206
6806
28651
33114
18624
12214
29401
29474
16435
11905
26000
29491
18394
20348
27985
25951
31121
13601
4732
8461
15732
7218
32670
17454
8446
26188
12714
12915
10606
12991
32135
5309
9583
31133
3787
27862
16887
23825
17351
4446
26224
9458
2755
9736
7190
6296
9354
25606
33952
10991
28714
18113
9250
11465
9205
28878
33330
31097
6091
23837
26186
20893
33948
12404
13165
22587
23848
16156
9997
26128
9225
6875
32557
10020
25332
15650
19395
13986
10044
8582
28512
11495
10135
25716
4882
21465
30501
14881
4490
30074
27054
20929
7546
30909
3372
30969
10049
16536
23689
5014
17866
33114
4009
15231
9905
32831
11435
7400
18856
28993
15980
25289
2842
26418
21581
18319
16910
2568
12087
7697
30029
34680
16348
26309
27591
29126
23103
17716
7219
32987
17014
27051
16374
27032
30382
17204
3398
16234
23153
3524
23695
5150
10020
4278
15637
18935
17876
8568
15580
19454
30258
16005
26565
8346
26331
22163
16889
2656
8925
4109
16778
11052
30839
9411
2904
23921
15649
9697
30514
14285
4812
15389
7998
28385
4715
14389
32411
35167
32690
34713
25412
6756
27166
24932
14136
30217
24373
16273
25816
5173
4623
30828
23184
5557
7189
3142
29113
8078
15113
31597
15550
32913
12359
14428
32894
21809
9546
2606
23794
7570
14705
29529
26896
31202
7427
28824
17903
33004
23922
9257
27947
25834
18140
16697
16011
23195
32471
19357
4321
30358
15470
32706
18994
29918
16743
30439
17175
7862
30920
23433
31075
17079
24217
16927
22022
29471
5354
31240
2610
32364
18968
27330
18364
22058
21581
20828
22724
22537
9798
29230
23192
11570
33113
4807
8150
13275
34998
20519
32209
10009
6637
9519
35126
30966
3760
13653
34288
4804
19418
12188
3656
28593
16817
24004
13649
17819
16744
13245
10371
12325
19433
29538
5286
4618
15825
14436
20978
8369
31931
32900
7028
19970
35265
33798
21939
33913
7488
29282
10388
27000
12252
26428
28795
6626
5316
11158
19123
5349
35127
5957
16656
18711
23880
9889
22738
30661
6622
6273
35021
25223
18430
10343
23239
30488
15693
14583
15394
28005
4560
33454
16827
3044
8951
6864
25361
34343
18394
26274
28842
10673
6850
20186
18866
19720
31723
18260
5350
13580
12680
32518
32944
25734
18696
19510
20115
35332
7576
10474
11722
32741
10217
21409
10540
4784
31539
26688
11347
33194
4986
34127
25597
28071
22800
20837
32178
10784
32091
29921
35496
9350
5336
23515
35299
21974
4704
21595
23968
29294
34730
23752
12276
19487
20242
13987
35505
6787
33432
4469
9865
7568
25644
25093
13686
20078
6953
14799
11353
4742
27423
12978
20449
9436
18389
17129
34990
10654
27278
3388
17078
8189
19596
33143
23528
9787
10963
24860
26128
17413
30511
31829
16379
12036
23160
15148
18907
15791
11285
18174
14572
31843
33471
26669
20056
6325
17031
27670
30041
5895
19483
10051
3229
34393
12613
26593
24302
9826
4788
27764
3858
13279
2815
13001
31472
20268
19175
13100
23029
12561
19165
23516
6838
8670
13764
24764
17367
26298
28919
13131
23595
6456
25998
14038
7708
7467
28381
34029
31310
10428
4670
22035
11647
4793
25617
25273
28082
23344
15872
20590
29324
8765
10888
32592
23806
33056
10676
19398
16932
31122
13100
6257
23917
28506
6511
13407
11773
24603
12893
29058
33615
19824
26872
32609
15647
3386
7275
24078
17031
29753
28748
32088
29800
3802
29214
23617
7947
23632
14362
15539
12040
16358
23855
16238
11623
7316
32327
31813
18182
20176
7372
27274
25402
30886
35434
11719
3513
21515
16919
6830
14264
32623
21073
34899
5200
30865
15527
16793
5158
14743
28283
10986
17483
11358
14086
28716
5217
26639
24221
20208
18432
27891
17202
20716
5976
21128
7709
35499
17175
7124
22301
12931
8077
9721
34969
9160
23309
25866
6444
8767
33687
25373
3681
29141
4021
13729
31931
5777
28323
23794
14585
20680
25522
16939
11927
10640
12526
18236
32664
9078
21759
7484
20867
25460
24653
21760
27564
26141
9576
24044
35508
5403
18598
26377
3411
20699
29454
22104
24149
17031
11380
19046
16355
35381
8422
23073
23556
7518
21831
34538
15972
27025
3898
5355
6995
3944
29762
15787
34832
18876
9255
28895
34888
21781
21147
6020
5338
27492
9245
3370
32733
10229
21022
17299
23012
26527
23138
17532
15488
31038
15786
34235
7687
12899
4496
17290
4756
15433
27058
21795
7759
11531
23570
12173
31983
16661
9405
35509
33405
18648
11435
23744
31066
7875
30695
8096
8579
14702
16111
5349
13588
11800
14174
31702
5643
14163
20424
28097
35151
5118
25318
21647
8945
21108
9715
12187
18353
23555
22101
6853
26564
21664
27264
19394
22228
8920
18968
31158
25929
13322
20821
25348
7879
20692
9132
25956
20983
5579
4524
23607
17803
25711
5670
14616
15996
24670
11920
35508
15254
19655
4779
26075
35383
24098
3940
25815
6228
21534
35064
12540
10172
28635
26716
19072
18081
6746
30684
33421
12628
20274
29442
23445
33104
8068
19897
17382
19834
24880
30386
24190
8103
24137
6407
20000
25439
6343
8479
13991
12769
30332
35025
26779
8038
26954
11980
27394
28074
26514
15670
22392
18345
18671
25491
15490
27302
23333
26601
31264
24690
17236
21281
19617
12011
32626
15537
31163
8387
7159
31096
21467
35715
29146
12777
34746
14031
32957
9068
26673
18667
14693
4353
11342
23678
19564
10023
21415
9110
20794
22268
9454
15341
22833
27813
31430
6251
17192
25840
21205
9195
25371
17976
21275
33090
21024
32906
14722
35965
31389
6405
27062
33131
13497
9351
3382
27484
34576
21894
31148
16935
24491
8507
20858
22642
22831
16390
4757
32557
24660
3342
34710
33376
19865
35112
20238
25383
18231
34042
27930
29434
32595
13920
6968
13362
8823
15630
19033
9161
35395
23159
35640
20578
34912
24814
20713
25225
23990
7691
16821
31291
12767
17489
35365
34217
7899
6157
26205
30009
9477
25473
21931
28878
6981
30274
11360
29257
28552
13279
30687
26960
19309
30147
26867
19534
28993
17501
14438
15034
25902
11134
14799
5277
13999
11778
4267
11086
32327
7346
15279
28544
25459
21609
27229
16511
16093
10102
20694
16567
11474
30274
28143
21366
9206
15155
30598
10227
25655
3535
24855
30094
20991
24869
12426
19801
4526
33128
5455
9432
30535
5342
30125
32261
7785
9208
26199
20631
16002
27843
16449
6276
3903
34175
18609
11717
20807
4748
8089
18777
20264
5006
26660
23436
27281
35785
24463
6009
35267
35277
22074
22478
31042
21080
16127
16591
5584
12920
18626
17310
21147
15600
13897
26297
28598
30429
26702
30660
29894
14233
19923
35465
17406
16352
11958
26941
22861
19505
33925
23044
35285
9847
21907
23992
22432
31465
17996
19430
11662
29743
21701
28698
6034
25286
29336
35933
19230
29605
28910
25851
5084
14881
29405
14730
30879
4366
23029
20263
11417
5927
24853
28675
8398
19120
22915
33823
18888
34905
15932
10067
28045
29030
4489
24725
3534
32013
14547
24184
16993
14623
19128
23795
6130
32235
33631
6244
18165
6496
21256
29140
22238
13681
15079
10365
33173
32190
27698
19593
27428
18544
23929
20253
33203
18020
18998
21398
6583
32397
20645
9747
6758
6291
8661
31539
20078
15040
30719
23840
11494
32541
18200
27084
11909
17368
23458
18042
33554
23273
23495
27777
15131
23797
24232
13132
14826
9075
3571
15270
33717
11789
34227
8244
15381
30537
26221
3907
26809
31848
19816
12741
19548
31887
10060
33685
28148
13092
4335
33027
8237
4475
14955
19852
7445
15282
32884
14313
35353
19673
12264
16204
30768
9814
10152
32230
13398
20104
19623
7340
31804
8875
33856
13403
27454
24572
10445
16313
13205
18461
11381
33566
30670
25786
24133
36148
22650
11885
34178
13563
35368
6879
18238
14608
34704
22065
35370
25646
13329
11162
19627
23285
33374
24913
8496
30442
29556
35757
17602
21184
33231
7050
33757
27606
19677
11248
24958
32000
6323
21231
13437
30346
30207
31181
12061
14202
9789
32868
34018
27670
4142
12229
8866
13734
22662
16417
11487
32635
29413
30186
14420
9520
16137
6709
28878
20016
34370
21091
8765
8824
27942
6912
22539
15519
11653
27115
34476
32019
11424
15287
29559
8869
16789
4178
20148
19528
16414
6884
13302
18453
7035
10490
33963
21395
13741
34020
20721
12598
12005
22363
17067
14117
18748
19560
16084
15168
13476
32641
12564
32866
22303
29428
13713
35043
25903
5769
5384
29282
24205
8546
18204
16065
17181
17191
28398
11888
5154
28768
34285
4079
30127
20002
10480
10382
33886
33006
15234
6776
13123
25302
21884
27631
17955
25825
11994
5081
15330
8113
32199
12156
15675
22371
31482
17798
25524
30391
32837
14928
27856
17777
30059
22883
11654
24063
32563
6204
23026
9819
9402
30284
30027
20531
24333
7747
32277
9288
18167
11406
10903
7444
21784
16158
18832
5295
26679
12908
6950
35315
34266
12218
13855
16607
35091
28827
19795
16953
13212
23477
26977
32375
21798
24262
27298
6112
31983
10725
26459
6127
27027
12299
14903
5112
11044
4305
21748
34061
11132
20347
11100
22307
4306
31542
19063
29553
11916
11422
28671
18969
30804
31875
13844
7946
11118
22509
10033
7717
8777
21853
20063
31391
34388
28502
6056
7590
21522
18460
5327
10311
25969
23228
31294
19599
30296
15692
26688
16880
22399
22644
21616
22759
17283
14382
10098
29148
35386
22985
25312
23370
34372
6964
25479
23327
4322
12153
5076
26470
26635
15496
8841
21027
15037
34358
4532
27774
20370
19077
12770
25892
31123
13094
23952
26091
20304
32828
35042
13493
22577
20579
31128
23446
9223
10737
15165
7225
32998
10620
9121
12927
17207
31132
31626
10858
21513
30705
8103
19770
31144
11112
11717
27093
36465
28603
4677
31852
6628
31287
35278
31068
32763
7106
27455
16210
15034
25628
19944
29875
21000
35429
24569
21563
34237
16096
33082
11492
24060
18934
30205
6409
5571
7294
18002
12491
5056
13627
7545
15284
25959
32678
15773
9626
28737
4078
23487
15046
19847
24638
30704
28502
33775
29502
34243
13792
5062
32732
30978
10584
35135
35404
35488
36404
35083
36429
18927
28365
35625
7855
19987
22281
14336
7698
7095
29495
7083
29936
4862
5690
9108
26846
31164
27370
6724
30990
30183
21687
5497
25625
35912
17296
35449
15099
30582
32515
31911
9567
27397
11429
31316
15134
5883
5556
23511
5890
32643
28667
30944
34511
31974
11766
18441
31876
30646
6711
7342
9438
13645
16904
30463
18206
18550
29522
6739
21004
31337
20925
24000
14908
16381
18201
27368
36240
36633
21245
24341
24574
10347
32173
33417
30099
10589
29249
35343
19896
31301
33796
5846
29621
27868
8987
26751
14451
7922
33895
30069
14726
30048
32940
23933
22890
17213
28402
27278
36109
29013
32299
5090
8846
14806
21015
14157
25925
19533
26469
31950
17155
28113
33563
6244
22171
27006
12599
24098
31649
25894
5782
23686
20337
28226
6678
28935
17267
21295
10488
35565
9374
7319
6792
4197
15419
15149
30463
6613
28140
15773
9640
30573
30444
8898
17986
13567
12952
7194
14758
4112
34863
21624
7593
5167
26070
36601
16452
20869
27871
12857
19954
25006
13130
5063
16218
11975
16012
6102
18990
12488
7056
31029
22867
5396
14332
19841
20546
33871
24757
6553
7598
31344
35237
35410
24935
25879
17084
9580
10622
31776
32308
34501
35498
34936
35866
32205
6122
36143
28426
7994
32108
34511
28218
7933
17070
13549
35001
34420
30691
8701
11769
6881
21144
23915
24460
34843
32151
7143
8235
9091
8203
12800
21500
23354
24550
7412
30229
9617
25472
36294
18236
33985
5760
10898
23024
29405
13824
31262
8110
18948
26604
11697
23405
31963
25003
15656
7531
13114
25090
35142
11307
7974
33333
30796
32446
7680
8815
16585
11331
31227
30051
22196
29866
24532
28468
11960
18109
23741
7058
19407
26464
30874
7975
19218
7703
16495
26673
25040
35530
21785
21104
33245
35013
21053
16962
6188
17155
8575
31501
6560
23980
36340
13533
21024
22748
11225
13646
10730
4262
26757
28589
21801
32345
22172
28762
8649
7937
35462
6000
22410
9009
6943
26280
24147
19456
6832
26235
7882
6482
7199
26247
20769
11609
6242
7476
11826
35163
18489
27287
14031
34741
17949
17047
34131
14112
35955
33358
23933
31539
9222
13490
28287
5673
5812
35444
31569
32741
31336
35112
23883
11827
10312
13735
5363
12881
29743
15793
23828
20398
30813
25815
29712
28657
18797
14488
36726
6205
9864
20427
11735
17331
31193
6461
15062
18233
15680
32154
14719
8826
5963
22673
26842
25134
17506
36147
5823
30620
8257
14748
5355
10589
25516
19926
33876
33122
27229
35322
27322
23609
5442
10136
18047
32139
7397
12889
5304
19946
26668
21475
32132
9673
15170
5885
6813
18892
21205
26100
35884
31811
16258
18493
20450
18417
5517
9051
36420
26641
17622
33540
21062
29083
11528
11391
24348
8643
16916
33104
6221
30146
21726
29975
12297
28634
21557
6838
36796
11668
6665
36018
12003
13133
6360
13532
19487
37104
32106
14128
15495
17413
6334
33789
17731
31467
9796
21830
13143
7521
16973
7016
9660
15948
9407
7422
15797
23220
29709
19970
10592
35343
17510
8757
15499
33730
5933
24256
35786
7653
28330
12059
15814
10566
18943
33070
34520
20145
7517
27830
33495
20847
6775
10731
24878
23309
23863
23392
5937
13407
20656
12074
36017
36803
24661
6980
30413
18602
18792
14642
21772
15445
8373
34021
17577
8157
24703
33503
7726
30582
4795
4503
37188
4852
27516
27167
13002
13199
26543
5124
12580
16099
17416
20598
8918
9019
24636
16552
9041
20750
25201
19322
12812
28106
12018
34390
34775
9169
34856
9559
22125
13249
27334
14001
9800
11001
31299
11597
18105
25433
37261
32435
33847
12360
19452
22573
6392
23804
6788
12073
35774
24566
14640
12512
28916
26571
6347
21813
16889
9514
37088
6368
16060
30235
28134
8907
36233
22149
12212
22716
36130
14835
35899
10037
36114
12951
35443
32921
24638
35216
18838
22415
32189
11368
18573
6315
9193
5089
16807
26444
12726
34801
28305
8640
10819
25867
18563
28847
5807
18080
6327
26038
14894
15078
27935
27986
19548
25560
17751
6144
11729
10622
35801
32418
19189
24942
12144
17957
8469
36755
28911
34401
6583
9261
14626
6208
12331
23321
35589
36643
5475
8275
26164
24961
17925
7609
11683
34001
18109
22033
26255
32939
31448
29006
25524
15658
18703
7695
12481
37012
33440
11369
21001
20541
16548
17894
11387
26792
11164
26317
10708
16624
24909
31908
27923
28006
27854
19956
11053
30076
34015
36684
31747
12514
33916
18824
14225
32750
20914
30035
13160
25409
9906
28651
29790
13992
28964
11557
10372
4928
15293
19120
32088
7390
22036
26781
9788
16045
11953
27423
10023
6937
4967
35216
14235
13036
19429
20149
20951
34743
17031
28227
16973
15732
12146
5026
19286
32617
31199
36336
12581
11344
17335
32073
16889
36276
21345
25926
11927
7838
20439
18627
18168
9585
33536
13030
28479
9491
5690
20829
24814
26957
32053
33766
35928
12917
33544
34069
11866
17482
11646
36946
28230
23583
27313
10529
6176
21052
15579
26534
18189
27265
22632
28264
5128
6220
26704
27989
7383
14749
27811
22022
30525
36216
26470
9541
25714
27019
19357
26060
22736
29457
25257
20560
11215
24310
7124
11454
33843
32060
31275
22725
21636
5021
5260
6036
31679
19314
23551
36581
24139
14035
7241
5434
35630
12544
27327
13670
16769
7679
30553
35664
27169
19847
29703
24052
22952
34077
34376
6826
28316
30077
30456
5547
24550
7995
5225
13265
20357
27306
31414
24990
30083
30461
13908
31616
30504
25772
29930
35667
15983
7962
14435
32552
26038
26996
16449
15685
35769
13020
7476
14701
9153
30151
8939
28513
5657
9891
11306
26278
17602
30142
25885
9097
18535
26723
36844
10593
31123
36166
30607
29204
6690
20513
34020
32476
13046
12448
10750
26187
31211
24699
6080
33677
21516
36065
29099
10990
18439
22301
29685
34715
29918
16500
16347
34477
24800
36172
16952
29539
13528
25492
26709
10415
14212
10335
5891
31733
7496
24786
6119
17679
32804
6721
28950
10132
5092
7573
23266
33114
27286
29169
18419
8761
23873
29333
13209
12562
27860
31746
10848
25104
12125
29790
16613
25134
7547
13083
27881
7162
21526
35796
29860
14744
7757
32887
26715
34825
23472
24233
23093
8110
5808
19558
18507
30215
24403
34792
27902
15553
15917
24267
27021
12784
21387
8302
32487
17817
30449
36764
18621
14451
27335
5996
11996
6126
30799
18277
32954
15221
34778
23270
28494
9968
35132
20421
22821
30350
16509
20535
7347
14273
19153
29680
25831
21386
28618
7307
9218
28150
37581
28971
12456
24297
22723
15715
14647
10266
22032
14163
33113
35935
22729
28948
7637
11307
8993
31063
8875
19284
10789
28488
30559
9242
11434
36281
17813
27494
13955
29052
13790
27215
25591
7952
28370
20706
31090
35713
35423
9763
9082
11401
30048
31055
29413
21499
28017
14436
26953
23137
37122
20451
10677
23780
13739
30677
8606
37485
30911
21004
15900
31754
15908
15787
33111
29843
37218
33769
35899
25485
7417
16913
28788
5966
11256
13517
24214
35426
27083
18597
33947
6190
21589
5059
12435
25811
5183
7417
35735
31830
12175
5125
33023
27901
19068
24339
9685
24828
27264
8579
13449
31568
28592
8173
28901
31724
14409
9570
34884
28435
8843
19957
16895
27653
24778
23162
5161
9949
21442
29070
28796
22970
24363
29144
23954
18717
27789
14734
12377
26514
36950
34618
31169
23699
34090
22462
31927
29353
29050
26005
16471
12500
11096
11613
37469
9005
28297
7058
36317
5834
14556
18333
31285
19682
16571
24589
5695
26929
14848
11300
9163
8094
23818
18069
18252
25884
25615
30092
36817
10190
29363
17391
15159
21102
7130
16355
35485
7919
31163
33427
15129
31841
35895
25901
30377
35862
20840
34604
20845
31235
19580
35293
10003
13416
28356
9500
27794
18100
5896
31071
18971
23459
6942
17143
37196
10921
36794
21138
25512
21651
17032
28419
7492
29548
6776
33862
22466
24989
21082
17342
6531
31833
16810
6594
34073
25912
10157
7256
7419
34594
11453
22336
28541
25199
36320
6453
16127
25676
9888
9839
31332
19809
19735
29804
6598
27569
13386
21232
13159
11201
18616
9803
23787
17660
15154
5850
11461
34134
11756
22992
28656
32816
14293
30518
26591
9339
12836
12593
9398
32289
33843
28804
20410
9888
24977
23125
31238
10488
11859
29492
17281
23752
32170
29529
28172
31924
24251
12333
12544
31753
27562
16141
24791
24484
20216
13642
16169
7696
13072
10612
34523
19182
20508
23000
34963
37274
35869
7239
27502
17163
24891
31513
26102
31483
32345
9074
33614
8264
21997
35012
18608
17563
36623
24981
20250
10055
36048
24963
9539
24436
32716
21637
36308
29052
13827
32627
28117
21397
7396
27081
32613
9649
10667
29864
7343
8354
7149
25373
14105
32898
20081
14246
20158
28242
35394
35570
32287
11489
36866
16361
28181
36079
19329
14572
17931
27795
25999
29278
27753
17882
10254
9827
11091
37041
26699
24039
36244
31749
27534
37603
34773
16936
31215
18395
16915
7287
37740
14508
5456
6714
31545
34948
37256
24267
36183
37170
8166
35579
37480
14240
5432
21937
34242
27037
18593
6100
33218
10464
33421
20331
18018
18250
22506
24067
36366
14444
17814
34385
9396
7241
8211
27929
29979
26461
11138
8527
32885
19422
28623
28539
29751
18497
7465
33890
21032
32512
38069
8930
24248
15259
27011
28958
18836
18653
28097
8411
17527
31840
8238
30506
31811
6995
36306
30536
10320
31867
31725
13506
9220
35704
28205
37084
18084
37194
23843
26420
28009
26131
12536
28067
27607
28702
21596
19300
22090
37921
29632
11128
23250
31423
15557
20040
7232
20305
12788
24205
17281
23526
26287
36205
15147
9864
14183
14822
18774
29634
21008
10096
31661
21087
8914
34782
6597
38003
30978
23686
37293
22944
30800
29345
37574
36498
10818
32501
19156
34252
17377
7345
31062
36263
29618
13208
19731
10135
19431
35169
16374
17585
7383
33374
25883
11114
21420
21853
23850
27298
12635
14028
25828
32225
28122
16160
12795
34528
7053
36983
37415
16459
24321
32635
32886
36293
20188
17290
9444
19757
36884
29205
29227
19743
33376
18758
21980
36030
37100
36326
11951
10417
31569
32893
32023
6508
10948
11707
33306
9905
26509
7702
16480
13398
33468
10421
37770
19528
18455
28045
20933
35280
19542
15050
11166
18965
27539
24944
15896
17891
35836
15682
35579
30890
30923
29667
19312
30922
27000
12091
20683
9485
35116
22300
26536
19317
37498
36389
28985
11577
21322
30183
9950
33802
11541
32327
15350
27802
25944
17443
20982
23135
23106
17209
29368
30869
28592
24388
34069
7298
18524
34919
28597
11517
8017
32463
24102
9009
21923
31125
23596
34975
34908
13537
15192
5730
17081
11093
30428
22967
8343
32425
35230
33212
29992
21394
27275
14968
18922
9449
9006
14620
18906
21001
13441
23944
27877
27769
15875
36113
30623
35019
6922
10882
9015
5827
27227
20320
33195
33980
13304
10867
29240
12872
8505
10113
14869
30231
31518
17501
38240
15130
25316
14113
21593
30951
30934
18871
22734
35680
25958
36510
34774
11663
30844
21226
33730
7125
21262
29069
16977
8516
20209
27606
21283
37961
6383
27447
27248
34446
12569
36939
33786
11294
17758
13079
12864
15819
6749
30865
28149
23245
30328
24926
31152
11691
17194
13792
11749
22623
22682
29552
16660
27573
10096
7912
24640
28148
13543
8293
11171
13504
7459
35915
27552
38463
36806
32137
37369
13691
31422
25886
23362
28167
22368
29404
9366
8934
19899
31595
18824
29864
8742
32658
7772
8918
8476
14514
23160
7312
32074
20115
34581
33909
21477
6755
17978
11203
19265
6908
34283
18623
32672
32358
29598
27736
12872
25757
17390
31495
28376
16276
8851
11513
6875
29817
24210
22896
9118
8763
9905
37223
15935
12618
27182
19829
28167
37022
12720
13043
17657
17402
33918
13409
37547
10098
11759
37126
30037
35883
30498
30679
33064
37474
10478
20890
29153
25775
27164
30283
6813
14475
19924
20927
34799
14353
9814
15239
34864
14593
28651
34327
36374
25866
26650
35112
8584
14153
9502
11098
21169
29453
16792
12062
25428
30685
28802
18131
6751
38588
36196
13359
30146
19627
31946
30433
11905
34416
28917
20084
17160
20886
26321
37751
31680
7861
28455
11227
7647
30963
6164
7836
16516
22219
35514
35492
30723
26637
12597
34028
19325
34086
30928
8676
10421
9122
33913
11797
18974
29679
25459
23044
17209
35940
8267
23898
10013
17793
15373
21827
32087
11129
27063
25108
30965
10477
7662
18480
9694
20219
18160
6188
32869
24183
16586
8753
11037
30328
22987
14498
14062
35863
31544
34303
12648
36723
19009
31242
27992
25081
21812
37416
14745
33250
8433
33033
31277
36604
10910
31115
22412
36014
12700
8412
30780
34102
23993
27615
30882
29238
38311
27602
38168
36463
6573
20013
14912
29900
13980
37837
28567
12450
9477
17233
20557
9014
26793
6853
34388
25216
17457
33918
31671
29998
38175
21316
13869
36844
11269
35255
37102
14307
29940
12523
18629
28287
33848
33366
36454
19062
23362
26860
37635
8710
31206
7560
17178
10878
36807
25230
9105
12543
25103
8910
34052
20612
14691
30636
33118
18720
27670
23166
30630
23687
22684
34102
31260
21456
25666
17985
25221
37497
21021
19375
32963
23212
34368
10643
6056
9920
35122
8109
7180
15363
24480
25158
27165
23223
35406
27228
25847
12122
16979
37119
13429
26923
17798
31227
38214
6633
18228
37303
28483
17118
22804
8797
9727
13084
24700
17467
22432
6919
27604
11626
32238
30995
31820
9389
9642
17359
6090
7067
12321
29987
14118
13313
21249
23253
25754
13442
19050
20562
7796
12416
29000
17836
21006
26432
13281
14303
33536
7752
37034
32344
29332
31500
7007
37304
23419
8138
13906
12245
38334
36787
30212
33025
14071
7755
25330
8848
33472
28178
36273
14996
16236
16996
10557
30955
17141
10398
8079
10620
19510
15490
21613
15293
31834
35805
35462
25465
33941
23910
7870
14032
23570
24298
36295
28031
37420
32422
30705
9569
37088
29685
38723
20534
25474
15147
23498
11940
21936
35008
8753
31867
32389
30641
14482
12861
35854
30499
9612
32734
25346
15177
26006
25800
26285
13705
37522
35106
32046
22490
10662
15442
9186
10097
25415
15552
10272
25244
20886
11485
22567
15854
14576
22885
16468
31900
22208
13537
18585
26663
35480
11375
17962
27451
38273
14789
21881
21464
25487
22132
36965
32943
37816
13418
29870
32207
12773
24507
36525
21632
22346
11681
15426
37487
9459
7361
7181
19468
19616
35503
31969
7729
7123
25269
24949
29444
15655
10704
27741
36382
9187
35836
18489
9197
21967
20145
24621
32854
34631
19630
31889
32927
15757
24309
38889
25741
27492
22295
32791
15049
15322
28337
38863
27784
32613
20535
19532
11371
28465
7408
37697
19620
15033
37954
34067
16475
37781
16432
26437
19536
11154
19233
15156
10945
22792
25315
9476
9870
21864
19695
16090
29083
18965
36847
11339
14966
8053
22141
33301
17722
16967
28462
22029
35763
21303
36303
35673
10434
29871
12782
11999
37635
10993
22173
30717
27310
33379
20338
16763
24251
28713
30418
36542
27978
8441
37231
28990
33601
10795
35600
25146
16183
20752
28817
25770
23441
23685
19242
33653
33770
9416
16628
32740
6585
21898
7848
17494
11309
38469
11946
28470
10076
36047
33095
35371
32413
28208
35387
16782
22066
37297
14199
12321
28715
14901
25889
37630
24710
35276
21211
31181
19611
21382
32328
18234
14776
16261
34508
38311
12040
30038
32404
21533
11961
16514
19671
12169
19037
25439
34139
7205
22161
35884
22842
37684
33245
8285
34022
22770
21212
21044
24427
24267
20893
13457
28404
38347
24648
16651
9873
17750
34565
33855
12599
14873
14105
25704
28169
24896
18770
13873
33237
9193
15270
37831
8674
38617
29207
10801
31721
21102
32474
28900
24417
34517
13751
32658
35839
8317
36531
30276
18814
37068
7149
11176
11420
36624
38598
38316
11621
26040
18500
8267
29363
8132
20665
26279
30454
10874
37535
33369
27185
16219
17607
25861
30021
10837
28595
28721
17010
16442
23104
16215
28443
6513
10631
22584
19145
25836
14342
13684
34675
26457
26619
24408
16125
31389
29969
34551
29182
8574
35134
22396
25542
33695
39148
29118
30624
26034
19031
17941
29524
29161
27702
16493
19184
25773
16285
31384
22984
29075
39202
26857
11452
29836
7487
13566
16825
17244
7159
15069
24707
13133
20412
23619
28849
10020
33681
7736
28921
14676
25708
17639
29613
22130
33246
25005
17542
23529
16885
34672
7073
36591
19554
39218
33223
32695
12503
26341
18929
11496
19635
35969
17419
31567
13281
18261
36089
21968
8445
13722
8152
35235
12473
13390
35974
12989
27776
20288
30564
19595
26713
30567
18010
15078
30733
29559
7964
24388
16268
16054
6828
36395
8845
18956
21025
30956
22389
21338
10406
24461
8570
18189
30405
7943
30216
24563
31462
28594
37219
31053
13074
26621
16015
18213
33789
38754
22125
26850
20804
19865
14886
35353
27379
25100
19660
34214
29770
36748
12351
16124
10177
14402
18766
9657
7241
9704
20255
38782
28629
6713
27089
37885
31513
17317
9311
30547
29329
27210
13768
11929
39110
26912
25965
6837
26061
18291
36538
38262
18448
34455
34824
19681
25169
30679
28866
26821
27371
11950
10951
11926
36955
25402
33552
38775
34560
22765
19859
35993
9247
7558
30823
15812
10794
13375
23080
17971
10818
33096
16285
37797
7930
35189
31896
17329
9310
23092
33822
27482
28980
11713
19400
31971
30081
8093
32361
16357
16975
34108
16881
36766
7854
16125
38034
21388
28153
38240
34081
26170
19290
30324
19134
24155
32400
10126
32695
28181
11760
16192
33706
19615
29098
31625
18666
24078
11342
18506
37156
36204
19599
35321
23875
36107
23622
32921
38032
28952
32954
22250
10014
22643
20510
12765
12133
38846
8283
21578
22317
6837
13072
10981
33710
28605
25303
21615
36085
12735
13771
31273
33929
17462
31047
35982
20303
38279
19184
14401
38571
23442
13045
10053
21736
32390
13205
25196
32986
9721
29154
26386
7361
7224
23493
17674
11377
31707
28483
22745
22192
23453
34558
30242
13792
27755
20479
38498
7134
15803
19634
24542
19753
7199
35122
39129
30535
15898
25799
23305
26212
13106
38062
6988
15933
18758
17432
22936
14908
23586
30068
36144
14564
17233
35057
8478
38512
21042
35903
38109
6839
7759
14230
38230
32339
32745
15354
8718
19202
32984
18109
37533
6988
11666
24133
36962
32103
31881
31760
22645
32087
16314
34804
23005
39513
21634
39084
33795
11138
34228
7568
22887
30628
21482
21924
39570
33905
38936
14292
7500
24803
13415
12414
9230
28379
18240
22577
18874
28680
38054
34741
21898
23050
39370
27979
35654
13783
32473
34613
19387
36446
23321
10105
39272
12907
32564
25827
21882
19915
14804
7497
18683
7600
19055
27922
20038
17495
30309
16377
11966
32743
29768
24335
35007
18589
8570
8191
20949
39462
13822
39318
18732
27724
27272
33155
28232
7893
17622
38747
20470
23720
32323
16608
18307
14898
14490
15234
29739
37640
29992
34598
35540
27342
33301
28199
19965
21847
20980
20122
16881
10765
29080
35031
28992
34452
36905
14133
21871
25770
19832
37652
14319
18258
17040
11041
8012
17201
30862
20181
7335
26168
16818
21311
36198
17027
10421
38148
9514
8321
27229
23460
21505
7254
11600
33278
23774
12925
27686
34839
12358
32690
17857
29207
24395
14351
10209
39060
15038
39285
34803
19987
29345
23853
7722
32204
18907
27855
22225
10158
12847
24163
28128
23971
25711
31687
26829
9749
18669
22865
25252
26545
17459
16308
24154
17003
15348
27944
37727
31170
26690
29125
26738
21573
17664
11056
37049
37974
14235
9082
32529
28206
15605
22341
9123
7969
13218
10025
10168
35363
38487
30806
7118
32140
15007
18554
19434
34328
26576
14565
11825
29490
23102
21739
8114
28786
34478
38793
25479
22628
12814
29772
38940
9355
12643
26479
38606
7845
26114
20803
29112
14129
18947
8404
33737
9519
8435
37322
18202
13095
8393
33165
25983
23916
10011
8109
14173
9634
20114
32128
9403
16254
30876
16653
7323
31437
8032
32552
38538
36536
33783
32991
21110
10822
36057
30741
19136
28194
26773
26477
35986
13215
18630
16746
27251
17657
18754
33492
15640
27358
22420
19549
9853
29484
11949
16260
35637
38141
15062
8890
13823
21985
31209
37059
22937
21610
11201
14176
25817
7150
26351
26923
23801
25992
26030
34498
12851
27232
7962
33575
17037
11052
32924
34663
32503
20727
23465
31098
26259
35617
23468
27243
19540
36520
38976
12217
39626
39589
38819
11260
35388
9754
21863
35531
31992
39658
8555
29662
30183
16937
27402
31088
23908
17814
19602
17895
34894
27238
27384
19639
13660
26948
32202
33412
29873
34709
37732
24711
11697
22016
25959
14130
14098
14382
20839
37911
13622
39374
18916
16134
12984
29917
21372
37493
10053
36132
25182
13093
24749
34050
11266
27395
33337
12139
16664
11085
36416
17201
33726
31221
11765
21378
19957
20042
11139
12723
23638
8405
21084
39995
20737
12929
10701
24323
25303
20224
15831
18653
36073
36457
27194
39505
21039
23078
23506
20896
27006
14605
15398
30723
26036
9933
15167
21556
11830
31372
27574
9775
23452
8398
9489
20538
19626
11417
24656
37155
34690
33751
17090
13257
15129
11003
19229
22493
29928
29671
21710
14314
24292
37901
25998
37011
39343
26069
31030
36125
34576
22847
16340
23853
39073
22474
33278
22482
30407
8084
8038
20421
37863
22978
23471
31984
32727
28706
28031
7982
36755
26127
33750
15954
11570
14486
13726
11114
25624
35287
36739
10053
32108
39853
13316
21042
16589
23953
16842
18699
11584
37307
29753
37746
15981
19851
12870
18267
37388
22824
32648
34251
33178
12903
33681
13534
33872
14062
39806
39695
27989
14745
10701
16308
23091
34588
39023
13512
25992
7658
16670
11757
29182
7510
12273
34993
8572
12280
29742
10769
19614
30035
29535
21820
36451
11956
29352
24473
14374
13149
19031
26122
16848
28643
30653
26483
35403
29909
33085
26742
31802
22686
24738
33921
27367
28845
26549
36875
15228
9683
21264
12314
11895
26604
32557
35593
23896
33985
29634
30344
16540
26157
14673
18148
20975
31615
11514
9097
7838
21024
18069
33989
24139
8566
34045
16078
25060
19975
29870
15879
28374
10210
33939
22655
23165
26683
7449
22714
31199
12885
11656
9653
14747
39845
9107
11300
29212
32564
33070
27902
19474
8261
33951
21819
18723
24632
38616
17117
17629
35758
29700
23341
33264
33518
16992
38471
38810
16775
35660
9176
21346
35127
19106
36135
25353
13324
34886
14418
23230
29129
12286
12506
27537
29835
39812
22882
24106
20652
33498
27316
9659
37864
18142
25605
7987
22462
18974
20602
20661
21273
19437
34283
15688
12080
31159
16614
8400
9131
10897
16887
10301
7687
30996
20518
31234
30779
12140
17602
8904
33436
14764
33885
14948
25854
37476
35096
21767
39708
23926
25121
38069
36922
9509
19577
28409
7688
28015
18683
31446
29386
37277
21402
23296
8886
8216
8170
38989
26781
10366
32482
32870
22990
12277
20960
23746
37176
16320
12013
38357
38350
16912
39490
38532
32816
8476
30988
33757
9095
23667
8557
40197
15792
34961
11203
22385
29342
27825
26924
35673
38649
13027
9034
17514
36363
24158
35139
35516
16093
31767
28172
14339
25757
16787
15336
11529
15939
36345
16683
31580
24949
33131
14916
22339
13479
7830
15610
26103
21638
10888
26870
15376
26775
16066
33154
8254
11035
16783
21648
26169
10295
14484
37630
30203
30801
10663
32280
21292
31165
32229
36447
14558
19865
39678
30601
40314
39925
9940
11720
13050
25400
10565
20559
14169
22206
32836
40211
10568
37062
23087
20942
13603
39820
10844
7754
28195
38322
19446
35804
10197
30180
18183
32302
33739
12732
27605
12610
34705
19427
14450
22708
20194
36218
15503
17472
11804
28344
28561
11651
22770
29396
11495
37638
24929
31525
19098
17528
8933
21896
32293
33851
28140
35330
33672
25123
34699
11174
15000
13178
20848
12473
11929
19527
11800
38421
15374
24015
30018
20939
18640
7773
36003
22796
16990
7743
30939
15690
22132
28177
31400
9370
39391
31294
35929
8541
37263
16323
21382
11551
20974
15926
23295
19135
10352
19207
10498
37840
33643
10759
34225
13632
35882
36646
34242
7991
10045
28033
11641
27714
20242
14236
16339
17329
31946
29931
36357
15166
37701
20632
23332
31727
32895
34176
10278
11837
35104
19327
31753
29045
29262
10733
31826
25183
32198
21352
27065
29982
27691
28372
21795
9815
31133
29089
8400
18325
34958
28492
8662
27372
28369
33321
30158
12765
39156
12639
24781
33658
30672
30772
18326
28106
27742
21131
39437
13935
9677
29354
16879
24198
9681
33857
27073
40399
24381
8360
12294
39182
8916
22633
39605
22449
20060
30206
24298
15538
29173
24028
20700
34495
24489
12208
36879
39833
22852
36072
17355
8890
20582
10357
31692
13114
27862
33743
35131
39155
19737
32058
25565
29924
13636
37705
28555
15571
8206
33184
13794
24118
26153
39677
26683
34900
28627
33914
15837
25000
9384
13836
33394
11398
36282
25680
26808
7937
24035
14215
30073
29195
21594
29662
38589
27614
11653
30452
15166
27035
38414
11926
32284
11313
21561
27853
15058
27777
39797
15642
40297
31424
15921
7936
33516
27932
12784
18883
15899
8610
39328
23920
37987
38751
18983
9501
34574
25285
32064
20082
15544
16721
9861
14952
7938
36971
40652
19281
32906
11150
39351
21529
24346
30120
39303
36043
38431
37316
21809
12374
38237
36582
17588
10130
28642
35638
18345
25982
22328
37473
39452
22732
22239
15165
35738
38559
25594
18604
11403
8851
38217
20930
26051
30718
38743
13610
11859
14453
12533
23493
21413
9106
27622
36501
34760
15349
13788
25562
10760
15753
36260
34682
32194
18696
37021
25254
17270
26818
31854
26299
26654
21146
30968
32614
16062
35665
16010
28684
30781
20231
27732
8297
19827
25342
8991
40055
36739
13474
14395
19345
37483
27078
38072
8920
9689
17969
38105
22230
36929
35417
31685
20577
16428
12142
20352
26818
10195
9370
12570
12567
30444
29064
34086
18678
9924
25123
32878
34899
35982
8096
27877
32932
26106
23230
15069
39234
37898
27468
12922
19219
30754
35052
22887
16230
10078
33048
24775
22046
26663
36450
12143
22291
11785
13568
23634
21173
34751
18567
11580
30195
13200
32503
28100
21851
19935
13560
12924
29570
19965
18275
23658
34470
17729
9732
28860
16786
37979
33695
39095
9154
35557
18224
24049
38088
9531
8823
30400
20206
23693
29108
14066
23837
15666
18608
30910
12285
14143
20732
37371
36446
23897
23933
10640
25815
34247
22313
33068
14508
33227
26379
34615
16885
24371
33165
17672
28925
26667
14070
32088
25321
21845
27954
36598
35226
26140
26322
28605
35540
21317
15187
21444
39583
20422
9379
21716
21741
35804
17889
11807
23166
28248
20324
24622
13569
30777
9216
20764
18044
34432
25476
15618
18413
26176
32391
35506
39730
28405
14181
22696
29734
38678
13444
22077
40205
14062
34780
15646
23090
28071
20406
32509
12494
23720
21683
31622
38188
11553
18705
21141
17419
37859
36138
9894
19268
18294
40253
25485
34220
40037
35953
23911
36412
15325
12567
23504
28271
10358
26160
25942
35820
34129
34351
24366
39269
21347
33536
21798
36543
39184
16200
32219
27763
10236
36079
20268
20020
29982
29916
14062
37074
14102
11263
19425
36702
16064
22933
35555
15247
15881
37543
29796
38244
28929
11988
40474
17931
23858
23121
36086
25090
39729
35118
27478
38524
24178
12251
28540
17926
12128
25834
34367
22634
35757
20502
38400
16851
24807
35461
28128
34099
38221
21578
13616
13794
37600
17198
28458
15496
35005
20144
26334
25404
22185
23882
38766
27885
22254
14070
25726
15361
31334
33009
14055
19517
27349
9919
20907
33765
10107
21615
29486
40996
20458
26144
38563
16557
37142
28868
27076
22179
26795
18468
19142
31415
12963
9765
25228
28304
13591
22345
12059
19823
40533
36984
37454
12307
10548
20993
14538
18394
23460
31708
27957
13610
37769
30514
11171
40207
21962
39198
35153
16933
37796
8886
17558
9401
23109
33349
37142
28203
8342
14811
29753
11158
10072
36616
17884
39859
40818
26596
10566
37883
35465
31058
37469
16652
35282
10886
11033
17998
36644
20933
11578
32982
9298
11884
33846
29067
15543
17460
19318
37511
17682
31668
31937
39872
26005
11304
25337
31463
10808
29296
9477
33424
34131
31068
32014
38036
24684
38694
28654
19379
12109
25664
39141
26750
14682
12112
23950
34165
36130
29306
40466
22124
21044
11741
13724
30515
27956
19296
24333
36213
10798
28590
20976
16865
24873
23679
11184
21640
18688
18458
30984
20614
27757
19991
29628
8933
30055
23914
18567
39102
17070
18333
31060
34977
31652
21853
12209
11063
38494
33848
37760
26406
33787
20901
31215
37941
30516
14149
32939
31153
31029
15464
26961
35855
16555
16595
18726
11730
32543
25793
24839
30640
39042
12839
12707
19440
30985
27452
40935
14614
32059
8761
15802
28610
41032
32349
35563
20438
25756
21045
16999
20695
10932
26394
34736
18838
27184
8699
34954
23311
33066
25949
26360
33425
36295
21663
32614
38687
34315
23683
24360
13847
33266
9450
32547
25361
27580
20447
38602
24330
35464
10711
39757
31426
39716
12087
16140
26722
27428
35607
34130
20578
10801
29510
15936
11690
26020
34190
32519
13559
25172
35385
27227
19329
18603
16339
23844
20699
22272
37938
21366
16410
36384
28340
39363
27705
35886
28616
40527
23484
35246
18864
30437
34708
11484
38533
28361
33091
10050
20347
12525
17472
20873
18790
25191
13981
14736
23165
16675
40167
22203
36190
39637
34126
22670
34131
12338
28165
17274
30676
22624
10988
20470
24397
30891
20077
16338
19233
9337
39331
40392
28910
31104
14274
39765
25363
35894
18611
32967
36975
30857
32510
25494
29036
27345
21741
38647
34364
13571
40175
35503
35427
17447
28986
35877
33142
35340
18100
40380
33058
12090
10004
22623
23663
41256
22084
35678
37958
20655
26378
36472
12594
13503
33512
31289
27235
25937
26945
14982
15864
25244
27068
12150
24190
23692
24046
20579
39347
36464
26163
34113
40080
33523
28124
10799
14471
21581
14992
29004
36362
15546
35564
38604
16460
35627
34925
39755
38475
20540
37008
30816
11534
22375
39223
33654
40747
16503
13391
29399
17805
19775
30384
14602
30068
14219
17988
10847
24509
9047
21356
41160
30052
33087
16799
37354
30023
30007
17237
19316
34605
38268
11555
18864
34822
38347
17447
23640
27509
13008
19366
36266
22155
29153
38388
32702
22486
35052
40084
13336
24730
33454
25505
29050
25438
29478
11372
15355
15274
20554
15207
37725
17168
17144
13634
27548
14185
33839
22355
37827
22113
39551
36667
32515
21046
35774
13767
9222
33724
22269
28948
26241
32165
19130
33271
16137
25855
35672
32923
38183
13054
24012
19564
32686
17404
35480
13108
24396
22462
27901
37764
34656
26361
33388
32342
26891
29204
36415
39920
29834
11568
9638
22540
9411
11622
14308
39221
26909
31567
26299
34676
24981
11978
17188
9772
41231
30713
16964
17731
27113
14733
32412
36226
39126
38980
39296
11327
12778
9135
20682
25145
17393
31801
40143
31171
38405
39525
27282
26661
21344
39767
17976
40511
10606
13974
35260
19567
35878
16656
25572
40373
38043
24927
19316
11797
11726
22858
12961
16445
33735
34959
36552
30312
26852
36064
34912
37506
9584
9003
26414
33165
25975
11806
36535
13891
14553
34283
40699
38653
22942
30024
36192
33491
11401
34746
18925
12805
12272
36116
17592
30106
19659
30266
26530
39494
15882
28459
22593
29329
33324
23103
38430
19510
35597
37037
18721
21705
40959
35919
21577
12701
9757
24234
32928
20197
17116
39209
21615
10777
36067
35497
27310
39836
16157
30266
24254
25499
41484
10020
41051
32312
40800
34345
17356
33512
13256
37898
41564
37657
13064
27981
24334
39961
37452
15164
9101
28723
11451
13873
10594
31515
13904
40209
25449
38284
20709
17943
23430
15407
30609
11475
39060
11711
13364
41330
41118
13419
21328
32063
27474
40571
35355
32874
22706
10807
17106
15624
32781
26884
33615
13148
27438
24017
41438
33621
37331
23217
15437
22359
10593
25033
9538
27711
40149
36205
15313
23201
16638
17286
24910
34131
39146
14391
33120
20784
16030
33728
24663
35350
17417
20386
9152
39217
41019
24324
18742
28796
31955
30293
32635
20356
30646
26163
38343
17776
11527
15755
30047
37950
40275
26370
22890
22863
17419
13716
14592
40742
29240
9339
38789
15469
16746
20051
12085
9272
13041
24443
10751
35726
20304
34750
23703
34854
23023
12083
14279
35950
27920
29281
25606
25809
37380
10663
15179
39482
10655
32732
38179
24020
14569
23602
39170
25109
28182
9056
35542
17658
29113
37888
17890
28564
22580
16949
22986
36547
18291
30354
32234
35138
9434
29751
20204
38627
24443
27197
35482
23836
10893
37973
15856
13507
15385
20139
39286
32022
25591
41233
24525
40958
36601
34137
41607
11157
35430
27906
16700
9445
39850
18968
24281
30707
16459
40789
16700
10492
10783
23436
20222
11006
19389
33864
40848
32634
35121
29616
20874
33656
24820
11693
39743
36301
41243
36943
18837
17049
31950
25453
41236
16403
38396
35724
21820
34953
20301
25602
35356
19874
31320
33884
37920
32999
13847
29948
27179
19841
37271
38663
32229
24388
18164
17278
28247
39661
41605
26026
18613
11176
27220
38078
19322
35286
22993
28856
24506
24332
34247
18056
15540
27487
15502
16244
27048
20447
13955
40891
37352
25185
10933
22648
24368
28290
39905
28874
20026
34792
29089
35378
12686
20939
12768
33852
22168
24500
28305
33634
33020
37765
15264
24365
12334
40122
16681
15261
25405
31982
15849
20939
20207
13729
36338
11213
14867
33592
35234
22490
29715
18757
20693
22190
39369
37897
22106
18736
40083
21304
16292
41299
16298
12795
27842
23098
32687
12347
15506
31647
39047
24861
24881
27765
40297
29385
22709
22732
22325
25456
24095
12022
23816
34701
26251
30696
39693
17771
32426
36578
15254
10727
40050
31827
9835
14967
14612
30711
35425
10347
18223
22082
9519
18803
22851
25857
15742
31074
35944
31551
33599
18737
35648
16485
19009
40775
15658
28326
21251
11511
30136
38042
38343
23883
14436
39465
17383
41216
25726
36011
29548
15313
23913
30285
10461
30457
33543
17591
13141
23795
36466
33516
36568
25220
9965
27249
16615
41211
17178
36785
25426
34232
10861
11680
20814
39659
10976
21663
10951
19870
22248
32928
41464
21750
24488
23178
18232
40629
24421
10463
18199
25860
10299
13212
20137
20848
27406
40800
35362
20786
19139
33745
29091
32435
12207
16699
22612
17487
28495
22907
29107
40025
39994
20508
16684
37472
37461
21951
10217
27057
37702
17088
34027
36125
34603
9494
39770
11261
13707
25979
13081
10355
35468
18382
10142
15090
15463
19125
22785
28416
25882
10886
13138
23866
25693
35688
16432
18073
40406
36533
30359
29941
26512
22435
15610
33991
15530
17188
20882
31795
34892
22282
36085
21318
40159
11375
13034
20860
11134
22868
17788
25733
20391
40328
36429
21576
33591
22220
21037
30761
36501
32820
25323
20871
18733
16592
33643
12169
15904
19852
20985
16411
35129
41557
11485
12851
32804
22141
17712
19801
31706
36961
21486
41574
22112
23625
9548
14732
28849
27279
28235
24982
21753
30980
41101
33905
18691
27535
12391
42220
25845
22551
33081
27068
33339
35235
27642
22979
38593
16064
37911
11666
20581
10020
32382
23084
33964
25744
40693
14604
18611
37627
20401
29034
17769
39916
26404
34491
39932
22824
24598
12407
28305
19085
18423
24350
24888
25406
26484
37501
10015
12800
22856
25902
28678
26852
33621
29022
18930
34855
9715
29394
19238
12374
30088
18988
38991
24501
29273
17771
39679
40674
29343
20914
31836
24758
37598
31306
14362
39276
32882
22761
23462
20741
21098
23349
17828
13546
25754
33156
31132
27860
26860
31462
23536
14057
41719
16997
27154
36648
33235
41355
17139
26118
35883
15397
37823
10841
21139
35143
15559
10870
23580
23952
17087
37014
16678
27311
24617
32383
26742
22566
19217
35936
39561
22862
33531
12028
24359
25756
15130
18698
22843
28706
13506
27612
38113
22361
40480
35648
31681
19997
18729
10404
25500
34041
20176
14717
27428
25253
29308
19689
39185
30413
22969
13458
29041
35348
27693
13526
30015
28505
28623
32806
16440
31289
13651
33196
14570
16085
26856
15153
34574
32469
23334
14909
17431
26541
22082
26752
39435
34334
21381
15216
17554
37632
42236
34612
10317
32064
26480
30913
29800
21797
20632
31555
33395
31959
11662
36030
26733
16929
42368
17909
28962
17782
38056
39307
28344
21042
37758
36456
39812
35875
32300
31070
32034
38472
36930
31244
32196
38616
26795
16131
12234
15494
35296
21800
28563
10500
10843
34394
22419
25798
26959
35668
15014
16392
15254
38100
39076
17682
42218
28669
16694
40891
37209
18937
39144
40492
25331
22244
13439
12006
34758
24549
16012
32775
11276
31902
23361
41928
23714
31687
32388
24139
11708
16149
26690
32916
14808
36449
15110
29909
36080
9734
24778
24558
20468
33931
12813
31796
18551
15234
37669
37233
32937
18351
31703
11821
11141
13421
40229
34348
39243
36430
39271
39480
20529
26882
33437
36129
40277
31866
37636
18945
12791
40268
21479
24516
41189
37978
9912
13800
20534
39343
25695
32386
13115
30377
34514
35202
24755
37725
37094
23863
22846
29495
10341
14358
37397
25825
38496
24503
38903
26982
41414
24864
24167
38552
30774
9798
36628
30895
39186
34001
28057
14130
30421
10784
41830
33051
17062
34957
34814
33846
38445
10738
14692
29642
28581
35692
39119
25211
13362
26206
32677
29551
11381
35513
16551
9904
12126
11899
18793
17617
28482
22134
30726
11733
40238
15443
30993
36684
22138
21974
16847
17855
37025
24932
31395
27982
30544
39874
28105
26008
28860
33567
20039
19675
15417
19285
27425
13916
24329
26476
41677
40970
21361
19551
10982
27486
11794
20771
32805
23941
11639
20454
37516
27329
26603
27797
33252
20749
35725
42144
32362
17920
25766
35841
41414
15347
40505
23419
21564
33382
28892
13343
37414
17824
13255
15381
42402
12694
33835
30873
10376
15374
30405
35140
25247
23044
34738
10381
22544
42061
15493
38287
39962
12154
11415
19213
15368
39679
25502
10163
22112
39829
21121
27550
12894
34012
17003
12063
27552
38469
32287
14012
34339
36655
42379
18552
32366
20048
24479
26197
10765
32855
24159
37398
31809
41423
26935
32329
33526
22599
24975
20613
12277
26288
30112
22769
16987
16646
30086
25349
25674
33587
32406
33685
20702
20272
28913
34827
38499
22125
25433
27380
18629
37491
35140
29118
14407
28872
16175
22463
32888
30226
12597
10874
33636
40064
20448
15134
42247
29030
34623
18768
23303
13863
27705
19242
25762
34904
