22031
29828
8805
21298
20202
14616
2943
9899
3698
6632
8978
26915
1460
26977
16684
25732
8390
17869
9023
22405
32336
712
32712
19140
16459
18163
32047
15380
23049
12780
4078
5144
32630
7805
1014
6673
6557
21779
13646
23028
25710
17010
15358
12480
6590
1704
3883
29454
19855
28735
25475
25065
24466
14263
18652
25057
9706
3892
19223
10331
13619
23155
6731
21291
27075
8962
32288
7781
5679
7345
6264
11375
31505
20036
15189
5211
27657
12906
22007
10868
17922
25843
15684
14103
6839
12349
21357
4037
13685
3823
21199
18037
23842
30186
16407
25391
30590
31357
18346
23510
29097
10456
2628
15942
4582
7876
7390
16543
5790
16017
16342
11231
18088
3663
4426
21687
22215
5953
16068
5783
18548
22926
31261
1292
9694
10298
13723
18251
16176
341
27485
21006
19730
13938
29689
29598
7282
31067
12387
26161
10116
8451
2833
23671
16391
15036
5212
15472
11979
15274
15914
31872
27760
26232
31434
22213
22384
14665
17183
18088
2912
30706
18433
1202
15730
9830
21216
29858
16959
1905
6570
14780
8387
29610
2543
25955
22185
7331
20292
29674
12745
4194
6373
2984
25328
4373
25246
12874
11743
5377
17643
27757
23190
700
4190
31597
19410
32156
14401
11639
24276
22127
20605
29670
30820
298040000
8890
13260
253660000
19050
7880
1230
252920000
11344
108130000
21046
8572
6349
4960
4675
228350000
192730000
110780000
1987
24410
107790000
19259
16868
30009
258520000
18788
20040
441
22459
8354
20823
6254
1331
204080000
30937
29140
15995
13233
31940
14553
19036
24956
8786
20892
8456
17114
30039
32117
4104
31354
11218
53
23159
21345
26562
10927
10606
16272
19259
28279
24767
10721
4792
24297
11238
7987
10675
17261
22332
4806
28019
7930
18798
16872
4646
20697
12590
31442
24111
12972
15144
19149
12225
22446
25656
22425
173
20796
15322
26638
23672
7317
10978
24580
31921
7646
4717
13169
32641
19561
22295
5329
27780
29750
11374
25291
31703
12474
13479
6417
21363
1248
18576
18568
11961
13390
31686
23209
9293
16873
12584
9255
32296
14235
21387
2769
22505
6996
1712
17083
30572
13646
25715
26264
5022
2966
6724
28523
32144
14024
31451
20319
24522
29721
22568
13298
2017
6299
14729
13145
28236
18877
16960
26912
28787
7953
23588
17938
28937
4435
31382
5976
21148
23206
2487
2277
106
11296
24025
10001
31095
23689
14131
9091
4572
29792
11736
24917
24162
15135
6634
3187
32335
10689
19466
16452
14208
26240
10772
397
6328
11747
1033
3986
5688
19704
13645
20606
21648
4318
26131
23812
5556
20359
277
28487
31826
28092
12680
14583
6499
1634
32079
25789
30721
5883
20335
18138
7032
21872
1731
267
9119
4877
23793
7599
2921
20685
14748
26155
13751
26840
17883
30862
15472
29002
21482
24689
13780
15414
28448
14114
25613
6379
10273
3841
775
14965
29013
11817
10370
26471
8089
23635
27238
22232
25396
18424
16214
24236
19724
18102
19847
22293
13338
29941
7123
22360
3867
30922
22793
12245
5768
27676
11656
17730
17097
12805
19212
12599
31398
15226
11975
19439
1534
32559
18868
845
6331
10421
808
8989
2565
17125
18858
29341
2998
24962
9732
19259
30222
3610
1178
3233
31657
31789
10491
4591
22957
18578
32694
3143
22600
18453
17007
26255
12122
10597
8753
5746
9070
28206
27654
32424
28399
32642
23493
18040
19353
24957
4396
19067
12333
18985
23342
2722
5737
8095
19854
14714
23863
8559
21677
20655
6949
16706
15265
20176
29973
28350
22662
593
19765
23210
21273
1494
24114
30035
14723
20911
5801
11310
22386
1694
18655
10942
878
21985
689
8888
22123
10860
8654
24422
410
30583
30755
10313
13957
20536
5271
14082
21851
11506
1017
17523
21896
302
7734
28961
7305
1864
13264
3292
14079
25902
12171
419
10242
3685
106
26050
17079
1869
24537
31037
16933
28069
18476
4721
4932
27217
12104
15865
1367
28763
22944
5583
21628
27961
22884
5043
17026
20046
3572
25297
12794
32691
14235
29854
30609
18486
29562
23811
21917
9891
13250
14781
22005
5187
2087
10500
30214
20643
19089
4970
22819
6806
1044
19719
29981
31357
7714
20947
27924
454
13311
8531
3724
9139
6262
32120
9411
2909
25547
4292
5699
4856
7664
16302
179
16472
22779
10568
18162
27316
20440
6943
17767
28075
23867
31842
8338
3460
24281
29767
25063
28858
22744
20395
22237
21176
28036
27129
26178
21473
32067
7500
20433
2771
715
32216
2566
15085
32658
25734
12849
21519
3206
3294
17098
8096
25343
18986
1028
16086
29170
6104
27300
24113
21351
2337
22804
16969
13869
23528
30387
4554
4044
13029
4464
189
10939
15106
15767
16649
25811
16389
10218
23609
12804
29808
19956
23167
14151
28837
4250
23289
4563
11598
21747
308
7828
31996
10074
23535
21977
18702
5313
10529
3917
5589
11848
6973
16936
4598
27406
948
5542
13583
23622
1723
21945
12701
26510
15440
8186
15901
31613
25207
23782
31089
29307
1226
22855
28294
6102
15664
5104
31540
786
29165
5037
7781
15744
13531
22906
29050
26130
10230
17139
20714
18285
2846
28940
30764
5184
22297
1794
5336
15828
2520
21906
5385
6373
2043
18024
13573
17585
14231
7130
4128
2126
14390
22742
14557
6720
23583
25881
7255
1611
18136
16802
13535
9606
21738
24935
20455
23729
12516
31302
27423
5320
14754
25150
27869
8664
7631
19679
15298
3090
20649
31999
31131
28446
15364
16047
25989
25522
21394
15726
10581
10082
28001
2716
5686
30394
933
26673
5268
19850
17336
11182
19257
385
3679
19796
16822
27389
19791
30612
517
4130
16880
10952
32108
1578
12640
18720
14500
31995
4539
7903
827
10495
7322
15047
15927
32560
27353
10961
30204
30578
32158
28962
21360
18726
22678
17723
10332
22012
4482
30064
6934
14088
30963
31899
13661
8217
16465
8209
23172
3398
16674
10709
26835
28361
18825
4876
2602
18193
4621
12977
30695
28434
16540
17546
13834
29920
7376
23643
2455
18556
22897
6489
11836
10989
5946
11745
3892
5011
1248
3946
1899
32697
16464
25273
27875
24681
23864
30804
27478
6788
13514
27960
29213
19730
25277
17358
14672
20950
5012
2332
8751
11301
2082
23096
30400
23033
29262
24067
19642
15170
3860
1811
4002
892
8652
12785
30260
27014
13487
29573
26372
2482
17047
11214
4197
11801
11782
12503
14218
28977
10602
9702
747
28321
29855
21238
17386
30291
5046
4199
951
30155
25333
6901
22385
3000
11294
25575
16270
31177
8437
12680
5756
26818
24316
9179
21128
13007
24705
29067
7936
10264
32474
28961
4244
405
27120
17017
30978
30244
14586
11383
7667
9689
30859
758
22303
20373
22991
10497
22456
1242
26385
838
9990
20445
24961
28359
3151
32733
11317
4051
29177
4020
26733
3381
1010
23212
10011
2987
3408
5011
21411
32154
22837
12818
15327
6911
6902
19002
22886
5545
8572
608
16398
23974
23018
6955
21935
2555
25983
15851
14122
14744
18111
1324
28330
138
27085
29580
24362
13683
3100
19657
2360
13111
18246
1310
3320
25337
17212
15056
3435
8774
21408
28164
22769
22927
1135
27347
31501
22237
23011
6560
7017
16576
18328
10665
19994
13704
8941
18909
14628
27320
5293
25582
13121
24760
19951
3494
16350
32458
1082
9342
3175
11071
30957
18285
21188
13291
4062
8958
17700
6870
14658
17317
26361
6964
13005
25171
30531
31384
25626
24392
20498
31332
23116
24361
24390
32132
9974
15954
7322
13916
9784
20077
8417
28926
28715
4675
17039
19873
31103
27603
23418
32591
10083
28833
7138
25309
23205
22609
3759
544
13851
14708
13051
22366
9281
2210
20176
25859
24611
3529
24371
30101
1406
17348
18785
6122
27682
22064
12632
11161
21146
12667
6553
4526
7183
22845
12333
21922
9578
30924
27878
25226
30137
25099
25831
6286
19924
28290
30566
22173
23360
30388
14257
19551
4691
21420
14447
10347
29593
7898
7209
30395
16503
9245
3849
17244
25358
14881
3553
21866
3426
29931
7790
5692
21436
26290
23775
30940
17997
25329
657
30138
19987
30650
18973
28321
20737
4429
21652
3817
24922
31721
29705
31727
31838
14306
32592
27074
7208
21492
4870
26655
8407
16855
25553
31648
21740
22803
1513
22320
4339
31766
19928
18882
16998
4996
11902
13379
22990
21454
14423
7116
25643
262
7681
11293
21398
9458
25080
15943
15141
27487
4517
14248
527
6327
12695
21788
21008
20182
16144
13938
17679
5146
27331
15901
5631
20665
28892
6444
22787
13912
12865
893
32469
17881
29463
7213
10088
26484
25225
24146
1996
18697
20420
4589
26451
30388
12358
18714
30706
24995
23385
15754
3561
18724
7898
8755
31398
14850
4415
15686
3815
6162
17625
24162
2080
26121
16469
1287
27932
16272
24713
19277
7654
14747
1902
26838
6890
7414
15464
25089
18264
12064
8654
14176
10953
32093
25510
10605
30245
24071
944
25720
20420
7205
9895
10468
10963
319
18115
17299
11770
12656
28546
27295
27963
3516
26280
21067
31518
4260
26244
3641
5387
22776
19830
4829
28407
22253
26286
27441
25155
20335
12342
30378
992
10680
16947
17259
26040
15138
15208
22714
1865
1337
22267
1456
14739
6677
3964
2100
31285
6887
29475
8234
2515
1233
3417
25319
16826
16379
2426
25320
27847
9443
29402
32708
10117
27636
13830
29280
2965
15195
18252
26978
10835
18198
4733
18920
6838
14157
6129
26745
7800
18662
23244
20028
8823
23636
1152
24167
7772
26287
24979
28667
6010
30986
7075
12207
19193
20993
21671
24105
17203
11665
1911
15988
23646
18221
20879
18607
31852
16909
2575
29954
559
27594
18951
13015
12225
3368
18930
24646
5155
15666
14464
21968
14372
27277
28313
23121
4740
3846
9374
4912
1882
16749
3314
17625
30387
6566
30649
30573
7804
6909
25567
21431
21410
6330
8540
19555
22135
18677
26807
26474
18008
31148
3017
15313
30861
7187
9156
30611
13936
6699
24692
476
9937
10902
23748
3447
26266
5802
7299
12170
5295
9924
5992
20097
21784
10463
30036
32072
3938
17765
24536
5821
27714
5700
3319
11621
22140
13381
26413
9053
771
11930
30384
32404
17506
8373
28661
19768
11610
23137
2934
11886
18125
19979
2739
21318
23771
14688
3702
3054
10058
15390
8796
13606
20779
20771
8593
6643
9146
24011
22747
7576
22663
19320
2522
16834
22227
24434
13198
23811
24637
17650
17433
5505
28830
32121
6086
29680
21809
11110
26955
8893
16119
27336
5963
11660
21593
11377
25375
21733
1552
18252
3286
18986
11074
13296
28794
26573
10477
9844
2197
14783
10377
31365
31220
27180
8681
9655
3243
26213
15459
9241
13914
20510
19248
4876
6574
3801
26901
28245
7978
5538
30531
9072
2855
12541
893
28455
13593
28957
22904
14692
17429
1110
17287
25412
5264
5589
15992
15212
11114
1167
9400
3232
23083
1655
5310
31378
30860
3060
5799
8439
22329
30610
17694
10464
20437
32248
32127
18504
5694
16922
23356
24553
12051
431
639
11093
12148
26086
32273
14145
10761
19540
13434
4644
27974
7217
14442
27393
30445
31685
30807
4736
16596
31261
4456
4676
19176
258
18834
20089
1650
9004
29953
26028
1689
6834
19129
17120
6696
3013
27773
5598
12946
24478
9711
9676
15412
19381
9978
12801
19417
22836
15725
21784
17795
171
20968
7747
24681
11781
11260
21730
11324
16571
16782
6741
31662
23623
5500
24078
22581
7388
27012
22506
25356
1108
18273
31937
18300
13162
9526
8508
8793
17193
10544
16102
719
21156
20583
3974
26719
7400
32006
29357
25124
11055
12204
20875
13147
30550
28690
29958
8482
4753
10477
526
19840
9310
31510
4138
17318
21943
19432
3671
6516
31884
4841
27155
19007
7024
10925
11445
11986
2451
10488
767
14002
22256
547
25334
18087
16583
31681
17393
24695
19022
12930
7409
30709
19876
14167
7472
6458
6406
2006
21245
17459
27717
26081
13510
8540
27255
21122
16503
29642
21485
12314
9475
27759
7270
20411
10815
17050
12674
28114
19191
13757
1402
25097
13628
23667
12813
1643
9467
25793
18366
6601
19668
10652
7484
8541
16680
16812
13090
3502
6516
27472
32736
9907
15326
31202
14329
827
1806
10300
26224
3981
20031
29819
27004
26443
23446
26883
10115
1692
27826
30403
4166
5769
23940
17594
15962
22696
30049
6329
19671
30200
2645
15723
13652
13581
28347
2452
18962
23405
23818
27798
8311
15929
22002
9273
32702
17936
9384
32683
10222
27184
32126
21446
1288
26334
27318
1170
8837
13065
31640
18443
29439
31018
27074
1572
16431
5998
10432
31243
22295
27415
5084
30895
17536
27423
11831
128
13735
22047
10521
30325
20788
30576
9350
13396
7275
18320
24082
19502
16550
27591
16886
9512
17667
22794
4706
21890
4186
7711
6421
24017
18290
6402
5932
10639
23412
7048
26423
30934
23711
17218
1426
5993
25918
2212
29427
1268
12503
18790
9535
29333
13222
21035
31394
14746
17993
11105
25310
12173
14781
11624
13027
31598
26505
8182
22177
20543
4665
26810
21786
12486
10766
3391
23227
8334
18932
3092
15852
26159
180
20778
12774
17103
14955
18813
7108
17129
24123
23030
15837
3149
29760
15760
11602
19816
26566
3771
17891
12742
14777
32766
4103
32725
14172
2015
19771
17388
2366
1031
7834
11403
11883
6050
31150
31717
14303
18693
24454
12955
22592
8851
2568
22475
7116
23265
905
585
23696
18456
23707
1836
18138
8859
29734
29069
498
23274
1467
10123
20741
1735
29220
24722
16482
10647
30272
20702
13033
23562
17422
11834
25535
5886
12807
29198
12359
9633
29873
31896
15950
726
5745
32122
21126
9691
8608
17781
27446
552
12514
25972
29487
16026
22963
16076
8450
26576
9539
26818
22128
8662
2948
3918
5154
7424
9345
12062
21915
21017
1009
21214
26986
18877
29452
13751
6564
29444
31901
28437
14481
19809
32601
2990
26022
27081
14959
14272
7859
1815
2144
24217
29022
19887
15377
25437
24784
28257
21535
22276
21422
10385
30834
20386
7755
31637
30229
17643
32028
1887
11588
5622
4972
24668
9671
7233
16976
23195
15743
28662
27614
4146
9535
16748
30362
9950
8157
27633
9521
6377
14216
9671
5738
1361
23899
29036
345
19238
10035
13342
470
29748
8126
5535
2349
13026
23765
3382
18199
30554
20492
16374
7913
24554
1415
5186
32012
2218
17679
7825
8365
32352
18788
19311
11701
22688
469
27333
6908
16184
4623
89
20665
24267
1075
32152
2878
4283
24875
18580
21986
14924
9021
13385
12862
9991
14048
20004
16284
25181
32207
9414
30380
21645
2141
27653
19833
9928
30984
8755
22428
12946
18000
6819
13999
107
20170
4458
28421
6575
29552
11363
29848
12731
11323
3446
1091
27217
19188
23065
7474
14142
24647
23574
11926
9529
30489
8079
19869
2063
6683
12864
1953
21501
22431
26629
9376
9821
14251
18588
28140
16774
22604
2731
19747
32749
9261
16389
22370
656
22376
5929
6326
7828
18076
22028
13267
20012
7232
29208
10761
10430
55
26996
24435
9793
23972
16774
12146
12778
15103
20150
9561
20487
22633
10613
11626
23339
2108
29822
20994
7307
30183
22620
22800
17320
20217
22573
21963
302
635
25509
677
18716
2691
19030
30586
38
29702
29742
4110
6232
6382
833
5814
24827
16492
17096
1877
3516
6544
1898
32394
14603
17431
25787
10536
26050
23428
23555
18407
17415
14450
26688
7001
15731
23592
2926
19487
3188
14958
16645
9052
25327
21919
31172
10090
25642
24832
1197
28876
30186
23888
2385
19300
11480
25504
30541
30694
22569
4709
3861
8589
28798
20684
26608
23565
28169
23629
5956
15816
18930
21635
23828
27204
12025
14651
31175
8413
7516
3787
4395
9143
1531
7333
16057
2807
8378
31275
16155
22579
551
24005
21227
24102
13405
25137
16062
20649
22312
13851
3169
4319
2921
27118
29026
2479
11708
20457
32466
12407
9305
8821
32330
32254
17464
25782
8236
29611
4473
12640
24363
245
24322
27596
15630
23835
4458
1867
15536
10517
2326
22714
15692
28106
30625
9814
6903
19075
9345
27090
14446
26528
25832
30887
22034
394
19177
1708
23089
8168
20444
14054
28295
19734
32259
11937
5893
25042
23918
24255
9681
14649
10267
30545
12429
24819
2402
14692
27356
6570
27792
6941
2594
15296
7891
29193
5772
21569
18518
6062
19793
3606
172
15462
30775
15228
626
23661
24152
5045
16944
2872
12838
30973
27777
2312
8365
23232
3956
22208
26136
2058
29489
15347
2935
1599
26080
29506
12735
16396
32454
28901
3602
8349
7345
30599
31553
28433
9111
28503
17552
32299
15738
13148
3513
1098
8846
18696
31795
12187
11422
13841
1459
19085
14764
26748
2036
1157
8664
25851
3508
13012
17539
12152
25855
7654
28851
8690
27311
11963
11449
9608
12084
4251
8466
467
22673
6918
10892
13945
26023
6123
22441
4863
14006
14874
21832
223
32545
22522
3714
13275
1137
15999
979
13456
20125
12375
7546
31054
11657
25956
32034
295
14284
7791
4801
9542
9910
8475
30913
5251
13202
12311
23390
11572
23080
21400
28495
10565
9350
1543
15272
20619
25600
6390
15103
9557
31606
26201
6093
16196
7893
8691
2072
18525
11232
24334
3151
20573
49
7791
5494
27212
28794
30857
22146
18517
17681
14321
17671
18901
24492
30738
3344
12210
28265
7202
31822
27374
20497
12885
10358
14716
3485
5968
21732
1362
3321
28128
23428
14783
24841
16108
7410
767
23274
21928
15328
11277
16506
11276
10169
3768
19482
31621
14979
18937
22962
17898
28170
12932
25846
27313
27707
12701
15592
7267
32462
1581
4254
19021
8744
7189
14662
21113
16255
28098
25959
4060
21055
9217
2410
6353
31916
26645
14680
16838
20425
7176
20453
14389
19065
27966
1710
18903
21477
30032
25535
11284
13597
23831
8280
22461
22018
13830
27889
19709
16739
32189
13947
21389
13414
32732
20713
2856
15658
2581
10991
24639
11434
9862
28425
14573
24549
20549
13760
28205
9276
22076
11561
25931
15131
24631
22958
23960
16603
19003
21520
18018
31463
18970
10413
12579
20766
4932
15359
13305
30329
27872
22630
20566
1262
28187
18727
12793
4244
21696
9908
23069
30215
10762
14382
2800
26638
10678
3624
1862
123
8027
15022
31375
22611
11774
19077
7430
27439
13793
25525
26668
18914
19613
11589
28533
24668
31600
25670
12609
21199
14296
16915
29709
13840
19041
6102
1003
10047
6075
17230
25647
1706
15
24784
18796
23023
18579
24204
28575
6497
17245
21778
8361
27821
10613
18709
32515
6846
23341
14958
26797
12509
31413
9315
1639
9501
5354
21290
23332
30710
19567
12969
26556
6448
15103
31360
14049
5122
32001
23369
25940
18044
7005
4382
31320
10274
18319
32604
9320
25562
7674
14759
11813
18696
25214
7727
16274
22519
27468
25905
16259
28027
11769
18880
26963
20948
8914
12229
27350
11990
29296
27461
7822
12615
8588
3298
13858
22921
12052
22437
26891
16248
22653
17402
31633
19862
30812
13308
12790
14182
13104
15603
1009
12053
26242
10779
9310
7775
3633
7336
12595
26289
5127
27910
8118
27787
15759
12645
14573
29225
11307
3445
14934
1378
9057
12142
28377
1232
2422
7764
21499
49
22078
15737
8020
30733
25650
10563
14403
16538
22467
20783
31200
3036
4334
29462
20786
24336
23313
23472
2979
30539
20221
4182
27056
24927
6988
17932
18917
18686
9973
18878
9
17186
16925
15818
11414
6059
22832
20671
10348
20042
24113
20836
22725
671
23630
17405
32620
17310
27064
23753
23338
567
27569
975
11393
21302
24807
17883
29341
2152
9728
22211
29832
25855
26742
2286
27293
28983
15269
24087
23615
12602
1058
5455
1483
17217
11599
23105
23242
10493
23852
31162
30828
16437
6768
16233
7218
11952
6361
24803
29418
17749
8128
6633
21472
7825
16112
24046
15443
31737
17848
17108
7974
10033
12351
2295
23768
23052
32536
25708
30646
29172
11542
27531
22607
29325
14178
20138
13865
7061
27594
15660
30898
5647
29020
7099
9337
31904
16180
28625
10398
17209
30098
9341
8328
16886
19760
3172
24021
26438
4306
17670
20119
21837
21790
24386
5053
28294
25262
28956
23503
5549
1636
29887
21983
9436
15357
6334
20668
24564
26345
26015
23144
26174
3418
23706
29644
26450
18844
29598
11435
7992
26020
4757
15317
24014
21739
30185
26525
7529
125
6727
21132
27839
6476
5539
87
12293
25803
380
9999
32084
14264
23137
8344
6225
4921
30900
4188
20749
6187
1710
4416
18986
17591
6051
32728
27200
12326
17543
13526
31870
14582
29106
17353
17557
22829
8672
4612
2513
5357
31356
23003
23945
14153
23838
28182
8378
20823
14930
20895
3311
12166
411
30590
17508
14642
21175
16135
11626
28278
21541
82
7437
30786
21221
15596
5365
32429
3967
18636
6282
14732
23622
32649
23900
28483
28894
22986
23233
21979
5884
30461
31936
2645
5229
28492
32301
4670
30298
460
11798
7044
8650
29432
9310
28296
19816
12127
10664
18036
18567
1689
22134
975
13155
4735
11666
27983
3241
7836
13742
29422
14394
9182
22087
10047
25388
11409
31695
25347
26898
13454
18186
18168
7806
22960
19385
4081
9412
28808
8822
28971
11008
20818
20959
26847
16474
28967
21238
17172
7048
7028
13512
16055
31637
24490
9037
2285
1505
1847
21904
680
17770
10166
9999
1145
12105
9570
24677
5285
20608
14801
29478
17274
2290
21215
11531
8675
30643
24040
9807
1595
31874
21306
28504
4959
29332
5577
16794
13831
2196
31525
14265
3158
23015
4010
20717
27567
11572
27382
17323
30923
31780
10401
25474
1544
10342
22824
7747
11268
503
32553
21604
20587
672
27862
4262
3853
25280
5540
25334
14644
27467
10307
25233
24372
10515
1235
7020
6211
25926
25429
27347
31883
1848
15967
3920
1406
17251
22036
28622
18538
15277
24404
24062
16205
29929
13104
22522
5098
17823
4769
3369
8476
8720
21113
10850
7787
26997
921
12628
10717
6280
27493
24357
9230
1349
24693
26201
4739
2034
24461
32758
31804
13661
27856
6117
29832
3685
5424
6300
18462
18619
9257
6650
104
5354
25007
30578
12578
1429
27749
4460
17444
31744
1039
15848
14204
15827
22602
11365
448
6170
12155
16641
4259
13199
31237
10977
5573
32284
9663
14803
5584
19868
17829
14130
28096
8162
25037
17931
17026
7164
925
3709
3777
14520
21052
14438
17149
11368
21318
31036
11229
2531
9156
14648
4806
11980
15707
5050
19628
26391
7107
14057
11048
27080
22139
26265
971
4862
699
9843
16819
32561
29099
20303
13659
27576
7890
5093
5815
142
25297
14501
28033
26453
15953
739
21454
21403
20794
9015
18148
24669
21029
7972
31311
26313
6677
32247
24882
12872
6241
15602
25052
13756
17141
20138
26523
9734
22203
10670
18133
7628
31827
10857
10068
11897
9482
19530
26850
645
13322
32290
13846
29942
18382
5581
14701
16935
14297
10004
10396
13768
6824
16850
6693
31270
26597
23382
22825
27820
2781
26377
11133
7082
31028
25168
15872
20822
8663
22452
11051
20497
18483
7489
20457
9195
8101
21035
25257
11624
15153
24504
178
18821
9590
345
9655
15094
13537
6170
16812
14514
28706
19773
24792
17841
5852
18466
6698
13812
8865
31595
14288
1223
21533
19805
19974
24643
8337
8072
13356
3606
4996
31146
5148
3463
30901
23505
954
6836
25171
31680
23757
30494
24432
29076
18189
7016
30388
6055
10364
13916
14670
8629
28666
7471
560
12093
28180
4358
13692
23850
12318
32184
5177
6835
4481
5590
30795
17792
30549
28649
3234
20750
27187
2298
21937
32084
580
20568
7714
24743
22942
8341
7112
18651
30929
18898
24789
14251
29116
4412
27981
32346
7334
18903
29882
15515
11146
27259
11298
18095
1969
17692
13366
14029
11654
17230
29644
11718
31399
19463
30351
1769
8760
13991
9205
804
15228
28471
25202
12141
7846
12270
31468
2656
1004
29690
20590
11562
6366
1917
16416
31653
32758
22741
15735
8132
28272
28448
32425
21554
23643
10751
19812
16950
31473
11931
20415
30426
25892
9702
23921
13132
15993
12324
13632
7300
13337
12713
9917
3623
5158
23780
1071
5292
28491
7580
28877
21181
30871
18810
24368
21984
6027
14792
21511
7766
24689
12920
16653
24131
26352
14952
3128
13328
7902
18660
5939
25614
16213
27757
23311
21852
23561
20152
27702
22026
10456
14842
31392
27262
7075
867
8777
11287
24669
32488
8162
31505
21345
24646
15814
1961
30217
11588
3377
30337
4476
9528
16300
9285
31687
16844
13516
19599
13104
13570
4124
6152
17350
2166
27480
21969
11069
16868
30940
25633
12025
12521
10843
3119
22633
18958
12244
21842
2966
13058
25282
4966
27644
25639
29076
13427
920
848
24412
4489
24642
23498
11211
18158
6973
6041
14173
22396
32525
7683
14289
8004
16264
15187
20700
22903
30768
30167
9502
15751
25792
13355
29525
30601
2053
6329
5073
32734
13551
13953
27176
5650
11752
790
7978
25348
20068
10729
14103
1607
29370
9418
22544
4809
4658
15788
21708
16050
16223
23977
20364
19087
687
19782
2385
25520
17216
18935
12620
1486
12789
5350
18582
8178
27338
24304
28193
145
16484
13808
9967
19708
26093
22337
30337
2040
27422
2942
23443
27560
16029
28556
1286
6836
10890
20187
21278
27812
32596
29416
30957
22925
24786
3079
21007
18672
27023
5983
16536
18399
6245
26166
10059
27233
15437
10863
21517
23576
21109
11344
28313
25633
2707
3465
16244
24636
25978
15730
25380
31533
8682
661
15773
8802
27565
15724
16892
32469
223
18540
25207
30004
16782
6466
15508
28992
23939
1884
21914
115
5214
23467
31557
32741
15337
3495
7358
24944
166
20884
12234
19474
5290
23556
30274
7060
16558
32414
14275
873
2916
541
17318
22745
27399
24988
20275
18527
13622
19216
1041
31311
16642
2326
21249
27323
28486
14831
24269
30872
3383
30664
4986
28701
17723
22079
15813
5228
4607
22820
14030
27764
26563
18556
30734
22294
2041
1484
11150
10886
13071
18068
3163
25333
11401
22553
11061
9325
17746
20583
27527
5116
24660
20631
19612
19476
9542
15438
21263
28722
21957
2694
9859
9150
30887
5009
14229
26674
20364
90
527
9855
19125
16111
16222
26541
28442
8252
7495
193
25270
793
19669
13795
4902
12424
32150
6336
10866
19767
6407
9774
17963
1101
21068
26382
9398
20323
24100
6263
15591
32719
26397
7953
29650
27945
4612
18878
25821
27912
9888
10112
28698
30733
12448
29847
724
8227
11473
25321
20072
15364
5780
16807
24918
27648
27024
18478
22168
23546
27556
2091
3891
26291
21279
19203
10763
32331
7476
24178
11771
32260
10408
5234
6693
18762
26830
31326
20615
23536
17589
2903
3792
12221
30368
25063
26993
6951
32694
11492
31990
3422
1019
27543
18839
19340
8831
13598
27914
4955
7638
3855
11932
18105
26823
5982
4480
1240
27464
1409
24935
21624
5035
18129
27985
17256
2066
14900
25762
8010
3112
20217
2680
11160
28435
2819
13116
30948
5540
15402
16503
16740
29905
22750
3815
28333
4198
21517
2771
11455
20983
26695
24219
11842
19481
7713
28563
1551
15826
4567
7441
14834
27213
15413
30149
29358
6354
17079
22345
27970
20726
4847
11257
4459
9999
19751
15109
20842
11499
16968
16069
14087
23234
2298
13644
16854
1128
28173
7999
31417
11975
17432
8424
24742
22925
22111
14726
4779
4386
762
1255
23343
23773
16436
15161
122
23927
4402
25374
32376
12224
11733
27134
3513
26512
25056
5793
7101
14081
26462
2557
6255
5595
16446
16972
15599
32080
21313
21602
12180
3050
20502
20286
10546
9665
7875
32223
32664
25841
24134
31577
14685
28235
13948
19751
3805
32331
323
30659
31870
16970
3803
16756
19000
20981
2451
5991
11348
23806
15521
18690
24947
24850
16977
3445
29139
31754
23906
1938
29646
11877
428
15326
31139
8694
20487
11496
3193
18650
2409
4569
22689
26797
15694
23373
28444
26109
14173
31329
16477
25599
28744
7693
13391
3201
1524
23221
922
5152
32474
28666
13859
20155
23725
8406
27345
26664
16956
20968
19607
5413
12443
25100
22703
20625
8061
28975
23075
30940
29925
2402
16018
25020
8190
24108
10289
11809
23366
5669
24848
1644
23026
21184
5023
32475
25743
27241
27760
16968
10469
2256
2366
21780
16672
10628
22831
1118
13874
8387
21078
21880
371
9873
8316
2459
20874
6151
12576
2521
5777
25326
16572
20308
6516
20364
19786
7086
8858
7358
4615
5568
29640
8775
28791
7823
6466
28008
27305
29307
22067
2993
4796
27322
12366
30742
5026
29445
24246
24133
14116
1937
8219
10295
3366
20289
15398
2565
6189
9754
13336
32766
8990
11255
26286
29430
9289
11134
11079
30432
20901
27986
10312
22432
19037
19338
26816
26650
31116
6499
30024
18319
5701
13105
29742
4393
25815
19100
5330
10708
7503
17160
19023
8272
6974
12885
6494
21380
15036
22985
32120
21270
1708
11082
10555
11832
7234
11985
9743
9413
26563
23579
5897
28300
7820
15522
8976
3308
6742
27083
19006
23201
31160
15201
10888
19933
10733
14914
30626
8346
15832
11096
10781
21295
13893
18123
10707
15650
8050
28533
30596
8254
10190
32407
6593
29157
5120
30666
20745
20135
13355
14648
22323
19475
15985
31755
11787
7372
12982
14630
16704
15072
11174
17939
24446
3158
16633
15933
20183
13830
24309
3168
103
4270
14133
10301
10040
29761
11946
23698
13923
19842
27871
10569
2680
12754
28801
5616
16928
25926
19742
2153
2561
1789
30253
29667
24546
22449
15183
29705
4368
20107
22996
10360
30720
28732
18305
25719
15669
7241
6800
1762
8036
17574
13049
3688
1751
17287
2288
15863
26639
17267
17583
25971
14765
28058
885
8878
403
21096
28111
11925
15686
16474
790
2727
10646
32017
15929
8876
11650
5285
30652
13987
27734
13115
10497
8444
17174
15578
29895
19719
13599
6010
6384
29101
3084
23390
11655
25694
11991
23972
21761
6218
29760
18715
16835
7636
29811
14676
13541
13891
7653
3068
23094
20411
4479
23656
9600
32109
2558
23922
5389
16394
21146
1412
32105
12925
4325
16626
17002
28377
26103
7821
8558
16272
10952
10869
28900
28903
19421
27438
30990
22182
2087
13558
18948
23060
5928
18262
13053
9250
31319
26872
16074
14311
32198
30136
22947
4428
11266
4861
1062
7177
14650
32330
14237
5840
10660
10768
24448
14023
14109
7367
3131
7996
14864
17980
17200
405
6552
16173
4096
31109
1769
10003
15110
31110
2028
5183
18725
23427
5417
18984
10436
27092
20202
10756
12310
29808
3485
4501
20639
18014
20859
7238
9204
3949
21863
31350
13762
5669
18713
21268
12049
17917
30331
25452
18122
28111
22099
20800
7031
17032
22563
25371
23115
31268
24909
4834
22370
4826
18299
11948
31561
6803
19006
31699
10689
2721
20470
4172
1472
2990
27121
22067
14009
13810
25559
28074
4893
8618
25157
24804
21538
23493
21688
24189
14019
4832
16045
28173
11784
4212
7174
21244
2695
21070
25776
4504
15147
22592
29571
19044
2868
31255
21609
24499
383
22988
15811
6518
17672
17919
14600
15187
10925
8352
16047
16631
20533
7664
18768
13484
26768
28584
9222
21550
7520
12407
30743
30650
10681
9138
24023
28521
4645
7496
29897
19132
7660
9716
18184
15992
30098
12214
31717
7348
2720
28291
7634
4912
11432
10556
30591
9192
28547
5853
19522
3049
18141
7159
28604
3172
31476
31840
186
18945
23196
21800
19289
13941
20103
29392
5742
14423
12739
22455
24612
1327
4996
1749
19943
25041
17956
26283
21377
15593
24424
20602
21891
22486
3589
8116
19175
29116
26722
21936
8691
10452
6304
9633
27745
1543
2520
31945
5820
26300
31395
23274
12045
14574
6368
3838
32439
15745
2737
11303
31648
17622
2247
19177
21649
6557
28128
27287
7392
3562
24461
1803
23372
24203
29753
13978
40
24730
31335
25672
1724
11598
17723
31287
17896
16406
8764
4198
13322
15081
23640
29592
8738
17623
28713
6289
12852
14053
21878
20360
3310
2839
509
19418
6795
16846
2415
21500
17143
12628
32445
11699
31028
29622
31378
6791
5628
26322
27424
30837
17832
29360
4384
23268
3408
2582
19988
12250
11060
6486
10192
17776
22106
22379
9528
17283
8569
11588
26699
28077
1302
10080
10593
16755
21741
9627
30640
17600
9362
15688
25365
6291
24408
383
29458
9204
6002
9656
3859
27436
20568
11929
15349
26421
18541
9485
21192
29040
1502
32662
5332
6038
10957
13796
16603
27633
21679
12966
3486
9676
2802
6048
11682
9768
227
2046
16436
13488
11984
27880
21419
2287
1641
26710
23789
29633
18028
27174
18485
15623
12674
7020
1811
2463
11364
5129
16308
23956
1857
3711
355
3729
30308
3587
8784
15004
32274
10964
10896
5888
21937
30924
28774
11147
1584
15412
18881
19962
18338
24797
30469
29106
25132
26476
11022
8113
5666
15606
21619
10947
20333
12493
3079
29689
10288
31897
19622
21335
32427
4778
22574
30925
8799
9868
28107
22889
23666
9180
13688
31946
22358
1883
1218
16088
10662
20033
24783
22962
2128
28628
24992
19432
25593
5432
23187
28395
30109
905
27692
20929
32374
27687
25364
11261
16160
5969
2146
31983
27130
7414
18202
11032
5327
8135
19187
14304
28086
16017
31838
23436
14134
12234
32195
7530
20398
15210
3598
15438
18420
1788
29802
31554
19773
26612
22860
9850
27197
12355
12468
25734
25487
10537
6576
10187
13142
12362
22305
21556
26661
11013
17857
27941
27420
17409
29541
24497
29012
9992
15232
15628
7294
12057
3305
31043
3782
15032
15582
554
30206
6793
2888
17046
20984
19997
15424
26061
31283
780
27347
28475
9914
2628
30978
31335
74
14240
16653
14117
31667
24509
27634
30220
1152
26633
4400
22826
15066
7452
976
31991
18602
17228
28838
11656
4606
5499
12757
31749
17582
9780
31633
18525
2879
22263
17961
4920
26375
22992
6468
11310
30098
28974
7274
4150
9541
25075
4295
3169
7489
19400
6188
30920
23691
23475
27991
8130
21609
3307
29044
9563
527
27627
13028
770
19322
4037
20796
27522
9117
15801
25233
11060
14779
27398
15859
22642
14356
4352
20279
26702
21955
1891
22522
31620
16359
22759
16866
30638
7681
17940
26151
16567
13725
27224
28242
9874
28981
14167
12869
23340
20050
14978
14204
1183
30452
24811
13714
16296
2612
11607
17415
9819
22568
5269
5440
12053
5383
29711
25295
30643
18317
22175
28405
20737
30369
31652
16229
7797
23094
21588
30027
24094
4975
27476
26253
27863
12294
27270
23633
23232
31982
13090
6847
25583
27703
15368
5640
24930
4659
10836
30887
17976
32215
22579
24295
32033
28771
15862
27557
14868
14406
29029
6743
5184
13115
12118
29261
31812
15289
9086
32567
25250
1418
25222
13032
8817
11705
19041
5209
1107
434
15582
24561
28071
16805
26745
32003
4096
25131
4983
27801
11477
4396
7474
5488
16762
512
10673
4419
12110
17620
11131
24396
13367
11600
16301
8201
18251
3191
4171
15932
11728
16846
12500
10549
23655
26560
10521
1107
30852
8001
8782
28617
3617
16050
27234
20126
19892
26628
16780
11768
26206
18977
9767
12697
20581
4487
4799
10666
7140
19510
25196
13751
6081
17613
20318
6396
25824
6384
16314
9183
18838
3820
21669
22205
22881
28318
28573
8681
17622
24977
8720
26354
26074
7782
15143
7973
23573
25465
26595
19283
19876
1217
6508
4309
8206
4344
9638
10188
15738
20988
22020
32429
14879
11382
22689
14078
28155
8889
18317
24410
22216
32493
14948
3771
22060
26732
5670
17657
8240
26732
3906
13453
28147
8671
4596
22939
18592
16535
1233
560
157
25518
6561
11208
9477
1829
8300
23059
3929
12491
4312
19192
22386
25696
15794
11227
17338
8955
26314
13339
2460
31145
7428
18655
29241
25431
11436
3603
14173
498
522
2221
11441
29388
15414
13877
2354
16962
25134
15748
25825
17052
28198
7372
16060
18996
8991
30936
7918
7387
24763
29077
10563
1144
26960
8146
13278
23794
20027
8260
13870
5968
30327
20429
9246
30751
29550
7421
2444
5396
6158
4826
31229
22003
1568
220
10383
31919
9685
25660
15407
30931
15266
30319
13323
2592
4174
1261
28746
30328
24394
30262
13051
22267
32576
8215
11596
16495
30958
21289
27901
19173
53
16284
15892
15513
877
5938
21713
23579
17660
4238
21476
11692
13095
12207
734
8171
29224
30648
18662
27569
19584
27122
16301
11065
32142
30227
29348
27780
2657
16321
7788
17147
7371
23890
1165
7255
5302
29654
10092
23742
17339
21591
631
1582
1777
32351
4771
28447
13059
11195
17176
19556
1670
18815
4650
4691
5769
586
652
28965
26989
15819
11456
28832
13303
14724
1234
28403
27811
7886
10310
1761
10555
14878
18511
8481
31401
14214
1090
13573
15114
2175
18505
31835
515
22245
1116
7825
13144
10563
20333
5916
23482
7249
19171
23321
20449
21947
23114
565
16859
5156
841
30411
16548
107
2516
29005
22006
9261
7330
17125
13922
10635
9698
13148
14240
18477
5162
30266
292
902
12208
31535
10993
7770
20412
7601
16050
26494
1117
30695
20231
17376
2140
23750
6429
6599
3950
15738
25729
347
17581
32263
5430
24167
3401
32048
9221
18270
25467
21400
28948
23964
23995
3623
9402
31471
13875
26543
4754
22614
26227
17871
21198
4616
11110
32024
1486
11448
1413
8303
30194
24
2378
24498
2988
10908
5096
14751
18393
29312
14393
1265
14417
14348
30712
5323
6844
23831
7472
31834
8616
17866
18420
13751
4057
22182
1105
12298
7648
5064
31873
2293
24048
17772
7009
30000
4588
17841
13094
7280
10180
23452
31819
27790
20482
18270
205
10213
25248
25562
18331
13052
1565
354
21576
25957
19664
24001
20228
25060
15483
23935
26826
14804
29731
27232
20443
24519
25631
6958
18538
11629
19568
2232
15769
183
30032
29723
24228
13371
22029
8768
7260
30427
7704
4262
6872
18081
21593
26466
27495
4846
198
19556
8904
18900
5172
31739
8094
21696
621
19100
5406
18524
17026
29663
11787
19379
10595
23242
23524
31383
21164
8018
9820
18239
3010
11551
3850
7989
29983
10128
23906
22384
19946
22271
26340
9148
7627
31558
10131
7523
12541
10113
16041
7430
6821
2838
9097
27596
12642
19443
9973
4031
14885
22039
5249
14194
13635
17492
2119
2279
456
18003
19677
22449
19215
10200
21892
1622
29839
23879
10402
5879
30712
14696
20083
12083
27007
12391
6139
4936
5749
19487
21055
23675
29215
13719
14772
28347
17602
30669
16888
29057
20733
24499
1472
20474
25435
7544
29458
1128
41
2824
1972
12998
9093
15318
12772
22186
18360
14809
10569
2160
9670
5076
21546
7573
25667
8411
3294
10337
10343
7443
23427
6857
15717
953
30707
4243
17913
19046
10228
1211
11328
24977
19887
30230
17357
7765
14948
16181
20985
29044
6491
9612
28794
3997
1822
25555
32312
28394
10469
13229
4700
15789
22610
6792
9641
13932
14174
32196
26127
29994
16532
16919
26749
12776
10109
31280
11512
1132
7515
26778
10474
5441
19993
22756
19388
24575
10627
5119
12710
27341
19635
29671
30918
5923
8139
23173
27760
28629
31722
4053
31430
6221
27992
19268
10376
16663
26116
27740
30509
17828
29745
9890
28978
22343
20844
9407
20658
22916
24001
26335
29751
21386
23342
24663
5584
6910
32088
6282
30819
7162
8573
21261
32581
25174
17066
777
25608
18470
32302
3553
32404
28035
15438
8469
21369
23951
20794
8039
23684
1203
10816
26940
16273
23595
23360
1092
26527
28357
8288
26205
13354
6885
10240
26549
12981
13773
14577
8239
5798
29723
2273
13321
25430
15251
22298
21435
31849
16927
8045
29474
4187
7700
31080
31709
4444
11191
30672
32504
12382
27648
7243
10695
3692
16542
13148
533
6205
10554
11412
11647
16393
26112
17159
18458
2459
9052
2558
3676
7336
4865
12779
24121
20831
5680
6562
21388
27457
23863
32709
953
30259
8248
26752
7312
31185
21803
2935
27253
30470
1830
24061
2494
25561
13020
3463
18269
6538
19557
32352
29887
26846
21053
8862
13044
18615
4494
15700
30991
21223
32690
26121
22992
838
19699
24681
19584
27907
5270
7227
32029
23095
19993
29075
26551
2496
25528
27977
17178
32588
4662
16809
32429
6580
30169
12140
22426
25484
26807
31464
18735
20984
5680
16771
23685
26048
26556
17261
7007
25255
12007
30095
10836
4345
12441
28606
20017
15716
30107
2869
24729
27400
1111
17730
30702
27601
26591
14911
18037
21253
10289
19652
29876
30233
6074
19739
31519
28617
6680
13556
16116
22888
18468
19290
30308
11892
5424
17638
6131
3693
22925
13363
22817
20711
26193
24209
74
8159
1622
18686
3531
3147
4230
4434
102
20724
28502
26553
14568
14216
16785
15462
16648
21483
30807
30086
31123
2511
5733
16755
29638
4228
29847
22827
31227
26897
12202
18176
2953
31363
9031
1425
20453
18565
5693
2808
17677
30769
31759
5189
11558
5926
28590
17708
32611
22747
19335
28666
24618
15923
704
6605
25714
23377
8127
3845
9328
12205
3053
7158
24946
17511
1209
15839
17163
1244
25055
24608
28528
1400
4330
31143
802
11467
27127
7852
11213
29406
16829
23198
27248
10951
23754
26205
16575
2683
10255
3753
19910
25828
23199
24283
7630
18995
25780
25554
12676
632
20467
6961
88
5743
29937
25288
31268
23197
10741
31823
19470
12444
20224
31066
27823
29364
23306
9097
13173
15787
20111
13567
32581
3293
12106
29974
12389
23695
28993
3409
31130
18048
28929
10899
19597
19649
25387
16014
25971
18119
23855
30077
14829
9407
23384
13334
20269
32033
26633
12730
15195
6280
18502
752
22071
28609
20853
10257
23807
20513
19558
29765
3475
6684
2450
24749
31959
19988
2720
8162
11353
23407
25902
1439
9012
26092
17101
5818
3636
30007
8781
21849
11066
17083
15932
7522
994
6583
15529
9523
15204
32148
3117
30356
29624
2678
4653
29673
3582
17425
3673
15789
18972
18110
22392
3099
2473
3789
21864
20782
14858
18973
23648
14028
10714
26603
19833
19774
19856
23272
8301
32228
14171
16782
15006
5671
18001
26803
14170
32430
20681
23647
1373
29397
19973
31451
32151
19547
17173
15882
22320
14170
30455
12028
7370
25213
12803
14273
1798
32621
3207
18299
24649
10124
4270
31927
21952
30950
13222
18942
22945
32613
27137
18598
31412
15940
23388
11758
21779
28101
31039
5707
46
16679
32069
6908
7697
18642
4733
26084
28650
17622
11791
14233
5061
31635
23331
5049
20379
26809
32254
1917
3467
22644
21102
16016
28007
17120
10601
23073
3954
31683
10737
15927
31848
2683
6458
18756
20159
15925
28175
10750
301
21088
13170
18282
1642
14178
32387
28473
3639
21385
31651
15960
7071
20548
22232
30659
20605
18323
883
15770
4670
26044
9969
24694
27624
21312
11040
14589
20827
31501
15235
16308
10200
245
12790
22293
14271
31839
13973
31714
27549
19260
5851
20408
101
4413
6151
12775
2814
14147
18628
23169
30462
32536
5640
11185
25270
32604
10045
11598
31854
7106
17823
26288
17649
19836
21221
2755
23373
20467
4899
10841
13780
1468
19951
24773
27750
10695
2755
11941
30707
8410
27810
30463
2875
32574
28926
21136
26840
5817
5594
11616
23167
8380
11052
25242
11651
22748
21381
19099
22682
7046
30707
28489
12004
23791
13095
23206
17449
3147
30675
13221
26211
14143
30294
7484
20604
408
1435
3002
31320
17725
4926
1115
10774
28258
24305
31513
10899
26623
1311
17094
19248
11393
7375
17240
3286
20159
27850
27268
8247
3887
31744
2702
6486
20826
296
7007
31817
1421
30119
4568
1853
23250
20403
16742
23996
19742
10168
31702
31019
25548
19706
25451
663
13386
3453
9006
31153
32019
13602
390
19734
27869
2066
264
18388
27155
15455
912
30762
28293
14057
9105
29584
19295
3967
14249
7159
26967
8263
13433
19026
22827
9312
24755
597
18507
10693
3956
4989
11730
23157
21717
19280
17339
24785
26813
7398
8274
27461
11257
25000
1000
4906
910
5976
11979
10987
32333
16210
21366
14183
30889
17169
30980
6295
12998
500
25067
9585
3282
27714
19174
16140
23960
20333
5683
7940
5970
14227
14079
25888
11967
2634
28959
10290
30838
16029
16640
3647
28794
22098
32737
12256
8206
31855
6207
19176
5579
27900
24209
2119
9199
2569
25142
22831
22776
16883
19116
12149
26226
10980
5378
5433
27149
30617
17808
26569
19698
10600
25061
14787
11607
9089
18177
8314
1617
884
12229
28827
2538
25331
32679
11793
24948
26329
9642
13093
18461
16236
11150
21226
13251
32223
17731
31448
9
25372
29860
6071
20394
3008
5474
16831
6157
7526
25918
29693
2842
22824
23676
21240
21325
14179
27284
18069
22024
28859
27434
27448
28718
6239
26432
7724
24813
11150
30379
10565
22235
14939
21955
20931
21317
3501
863
20090
22467
28297
31489
26928
4624
29332
24397
20295
31257
29139
10432
21916
5716
2486
11422
13230
23123
20821
4140
31235
21401
8953
31776
18375
6316
7902
9302
951
11884
19255
30660
7229
22434
30067
3248
4828
732
14527
7456
22223
19065
19916
10131
13037
15104
2002
2030
21200
21430
8917
7353
9014
30063
18215
19595
4519
13220
26158
32707
28505
15302
21607
25209
31568
18130
17579
693
22473
18726
2225
7902
28377
21651
15061
14453
2642
24755
13591
16131
8934
28028
31079
26447
10895
13334
28448
725
22062
23018
6610
27508
10866
23036
11588
22375
20475
6266
8889
10614
29375
21653
13171
4461
12461
27791
23670
4302
23441
10261
20366
14275
4664
31952
30099
11862
29908
311
26092
24036
30881
423
30546
20175
7881
27573
19926
3700
4742
963
2598
12637
29318
6353
32268
17847
18835
10902
2615
18950
31347
13775
2366
31767
8973
6872
27618
5174
15054
21113
27284
16546
28747
25858
28727
30014
2600
22426
8742
25481
20280
980
10617
11984
14821
3459
8580
12451
31443
27344
20385
24965
3776
12937
2096
14823
27567
9404
25819
8024
2373
8581
12319
12790
18547
548
10759
3624
32341
2130
2619
22159
9818
22486
25402
6713
32678
11859
19172
27416
6580
19812
27707
14515
5184
19178
26218
17180
5732
15269
7431
14882
16641
27650
23957
23751
8288
6964
32333
11509
24857
27782
23070
2924
19508
752
19954
20479
20111
31464
6963
12800
3967
13946
21389
5369
23226
12187
12790
3484
24949
17595
1260
13053
5833
13209
3582
4095
11099
13915
31374
18700
27708
30430
22997
18954
2318
19531
13352
4234
1385
30443
10105
26178
22909
20028
11552
8125
1528
5444
27868
13137
7978
26917
16660
15442
4966
32242
20579
16005
12460
7617
24660
15831
11654
7681
17770
32335
14640
16142
5220
66
22267
10755
30910
3270
2291
208
21627
26216
3520
13452
3362
29218
13770
5644
10759
27783
5025
21684
10187
32577
2971
24461
9510
19133
1727
23704
19684
14373
19681
10850
8494
10127
18959
8153
3083
20084
17196
32350
22823
23139
15835
18971
31954
11254
8095
31895
19531
15878
18496
17799
2879
3355
11120
19944
29325
4902
11694
12618
5196
11123
18539
8559
16655
29401
14699
26644
21095
30772
16751
15119
32426
20757
13841
5786
6643
26295
27375
4591
26730
3893
13835
25109
26054
18171
4978
32505
9744
7802
11292
7872
13225
12321
17428
31580
3726
12936
21464
5725
12507
31470
20739
28426
15502
997
27177
24241
13966
19532
14851
3899
29420
8830
13772
16387
5736
12233
23274
19689
20791
22562
24529
11170
14083
16918
27685
21330
22580
6916
7198
16988
110
27530
21297
5752
15962
4157
8685
27399
6314
10909
17187
29092
5207
7752
29769
30972
28717
28269
11552
21983
14730
3972
31381
25239
7779
316
229
2168
8327
17589
26885
1976
3624
752
15681
29057
25495
30596
31011
2117
31311
29586
20630
31314
10549
3322
29259
10918
14878
19919
18780
31748
22674
30729
560
21063
24016
12666
22174
15863
7697
11268
25941
1562
6929
7688
6267
1100
16332
7969
24468
1810
2437
15635
16550
11884
16909
23806
1178
30377
12098
15576
742
25983
23510
10521
20585
3419
23890
15032
21910
23286
15194
12631
4053
24873
23602
15803
550
5890
6785
20606
6408
15383
26709
16648
1433
22298
9064
24763
21502
686
32418
20078
16645
31865
9438
7709
4873
10875
30961
10462
31255
2718
5864
6423
15182
16526
31378
1775
11148
13770
28479
14594
15687
32764
11462
23897
9656
390
17869
20121
23871
30813
19268
14714
32515
28442
18739
13947
19417
17486
182
11221
21607
15382
837
2989
3721
20464
4921
17037
23027
12493
28044
27157
14360
12136
24801
5102
15179
32469
21956
16640
28964
1373
11314
22757
19494
12169
4700
13725
20638
31101
14504
6019
2254
8839
1785
5503
1099
16120
14128
23934
26276
7219
30963
22815
18756
11011
685
2735
29850
25650
13269
13912
13431
23383
11380
11157
19383
29679
32225
17129
19235
27823
22735
25553
20374
13593
23690
9975
27487
16718
27518
26792
16103
20515
10489
24456
1172
22390
1074
2949
5100
2755
29833
4361
8190
12274
19216
21620
13565
13939
15691
27081
14639
17549
3380
11431
29957
12019
29314
5244
26252
3737
10539
6389
25604
26821
18728
15033
20941
7529
19320
1110
28555
4016
24679
6011
130
15575
31504
6761
21314
13630
13857
6564
27785
11199
30174
12782
22885
3902
27497
5749
27801
25217
23872
18252
27458
17986
22791
3096
27834
27011
12936
1804
29117
21538
29688
29719
30410
16301
9083
26715
1484
29303
491
9698
2810
20716
9941
22412
28924
6433
7621
18764
18511
31920
26820
28820
32234
3266
3102
22798
25890
11373
1897
18829
6347
32065
24514
13635
30624
31261
8026
19764
16357
13383
28210
17898
3658
26300
10274
9579
17427
21445
5152
11624
6262
8395
8383
13751
22852
9324
18934
2820
7884
23247
3107
9667
30461
29748
2127
19816
19402
12751
15796
31707
2259
1238
31868
5414
17473
9177
30156
18289
28401
2642
3329
10033
20438
5757
20026
23452
20120
14697
11798
28512
20865
27983
30399
6548
12954
26148
1575
4847
4113
12394
16785
19256
31710
12875
25172
4861
20134
17128
32731
3464
8672
19439
31473
32527
13622
10603
11835
19243
17198
15329
2054
14219
2313
24728
28996
18154
1516
17464
9680
16446
13629
17303
25082
13875
18512
20175
2367
8919
9027
660
10840
27543
8486
27588
1143
24938
25439
10560
29133
4428
12365
24571
23375
30958
9516
13648
6586
29612
16185
17305
26580
29631
22
15613
18933
23476
12655
12425
3783
3100
3038
9602
19786
31110
17676
250
1051
24234
18714
27042
15861
24295
9023
7647
24440
11504
22962
28704
553
2498
16586
23918
187
12249
2403
29253
6285
32419
3717
29090
17523
31285
9792
29277
13497
29501
31194
26297
2149
27447
10541
16954
11197
2276
15690
12726
9
12536
11874
6575
12442
5907
231
20192
22795
23283
15854
15638
24775
1512
19160
28737
12235
31880
25649
13259
8366
14499
16344
15400
21470
24442
6752
3759
18476
2091
13239
7080
23691
18032
32517
16038
7956
19849
2519
6423
3406
16247
24189
31513
10669
31851
26032
20111
2648
1662
2937
14452
17711
19874
11086
25712
23821
30681
1917
11945
5194
31141
20430
8156
18565
4799
31587
28588
15264
779
31204
314
28171
3020
32729
3573
28230
4373
29271
29364
16801
28544
13791
21250
19015
23073
25731
1720
20090
21693
12106
1490
1312
7736
28374
18043
19327
8013
10052
16746
26693
12674
852
4209
32715
21082
2762
23379
7578
5836
6164
1751
30511
29428
20780
23066
19451
10761
10176
3625
1710
31375
9361
31695
949
23245
537
23468
8449
22914
23152
19591
31499
30420
27760
5094
31509
2441
15384
19675
6834
1145
4654
31008
136
12355
7976
10342
23125
11584
17741
10731
6192
20917
19992
31819
27922
14413
3805
28568
14484
4806
16558
11692
15866
5354
3968
7358
19569
3009
9354
20532
15509
29957
12270
31672
26422
10966
13723
7310
31068
30639
8562
19749
18824
9881
26280
30444
4669
25502
11883
22118
13759
129
22984
1409
28443
29100
23244
36
5223
5994
10473
22279
20043
10070
21660
1223
26817
18964
32333
6458
8472
16702
13431
12032
5439
10657
32008
24410
14400
11690
3595
10303
28683
15387
31108
30893
16501
5890
20635
22334
10112
20204
509
22267
3805
32342
30592
20084
30383
22884
14086
1297
15762
26070
2723
19107
10716
28471
29698
11582
6179
2903
28420
16715
29439
17148
18347
12249
22544
13013
1847
32564
3651
14511
15502
18873
12626
235
9185
22248
13962
2096
29069
19131
11985
25949
17471
24374
27111
28610
604
23616
24300
5519
9888
16817
32291
30348
16389
22444
20469
5899
10470
6447
1337
16156
14692
11496
23730
23039
30985
24651
473
27103
5035
22753
18653
25533
5523
28643
27625
1962
13023
27655
11685
2361
7717
3482
1279
7220
12889
8399
13867
14734
29681
2647
31976
12441
11590
561
11270
22649
10814
28868
26149
30169
22312
8747
21439
10460
18151
17360
31337
30550
25683
24636
6485
18237
21212
19757
12060
23898
17009
16361
3258
13380
15008
31699
6618
16271
8446
20284
11861
28481
32457
21115
9461
1925
18892
7488
2942
8356
13443
26149
5103
25392
18816
16518
11013
21635
22029
27795
22529
18280
26643
28067
18859
17687
25402
23244
13463
615
29010
7600
26279
13631
20978
5017
13265
24141
19806
17609
8226
23291
20142
9739
27395
21407
26925
6286
24508
23026
19712
7155
3894
19396
28424
26277
22277
19950
26633
22633
22949
29575
20235
31542
19460
25947
4864
1606
15425
7576
6056
5997
13748
3019
6578
5802
26158
13579
7716
30716
10370
9332
28924
20342
6212
16344
30487
27542
4816
21680
22355
27091
18830
29017
16113
31093
18805
24189
17725
16553
7118
19663
12912
6101
25659
2811
11733
3881
8183
22492
5931
29303
27231
9456
3915
16196
27314
23818
29706
16671
20245
839
21345
18481
30938
15939
6603
11798
15873
9101
32751
7403
25599
22360
31615
19624
14271
21619
14176
10928
26343
28795
22283
8103
32348
28751
2355
26500
12808
16580
11688
12263
20955
10138
4731
28844
4111
175
3171
12992
31921
23411
28255
14643
23133
3228
9373
16527
12361
2075
30363
18537
15748
5966
13452
6965
12672
16247
21501
2143
19919
27757
16312
1175
21802
13201
24296
9324
27575
17156
6015
9500
19596
20759
20437
30634
30831
8195
13201
562
16863
27099
16333
2938
23129
18622
23157
1225
17620
28497
30960
9724
20878
17772
6659
4054
1802
15636
5874
26776
7257
29610
4072
9937
26778
29537
30616
32376
27581
10486
549
9272
21644
24987
31551
23307
10219
25908
18320
10
27998
197
5462
2180
1229
5419
81
9805
2436
32267
11487
1624
26238
25865
7782
23944
32739
21818
19698
14276
5583
8923
15903
15690
17493
31555
9530
25157
17604
12566
20131
13473
21544
6332
23157
15390
25364
2321
2665
8355
29343
21598
9976
2774
17069
19849
16320
29417
13680
11656
19241
20918
3118
27931
26952
26639
24900
26299
19972
4175
875
21709
5751
20021
5690
28
3479
4339
7148
12934
9237
23425
19556
16886
8069
18231
23918
18322
17600
5275
8264
22325
390
15992
6241
19231
22888
17200
28512
30699
6629
6226
27240
23746
6612
31855
17562
9167
2050
6954
4828
1778
3355
14223
5337
27833
17614
20646
5961
20876
21036
29767
19315
20775
4945
13359
14320
25678
14407
29012
9905
9915
16679
29046
13380
14684
10113
29431
25682
5307
14078
13036
24429
24510
22852
6516
15880
7824
22810
73
1223
19935
24781
18324
13818
15944
14290
11526
7268
17423
940
6436
13120
3860
4113
22242
20358
16130
25160
26996
28266
1994
7125
29793
19749
31312
28760
27097
11769
17763
12979
29512
28271
755
15723
18475
21220
25982
14929
26403
11075
22988
3425
25927
13588
28892
26346
18367
24246
9758
16623
7055
20456
21987
19405
16304
23439
30737
3615
5477
16051
29467
15327
2764
20682
6960
2254
13235
2361
12723
31253
25774
32280
30956
31532
1126
16437
12285
14843
1844
14428
2839
3647
18671
27094
31725
28720
14594
15920
24169
16993
3265
15934
23966
29415
27645
23646
9471
14269
19413
13313
12750
27239
27600
25192
22743
18134
10537
23724
21597
4492
7274
26369
28245
26880
13628
4411
6866
17988
18558
23698
5825
28901
17556
28322
24278
27155
2
30134
4806
4865
22073
8773
6327
4751
1712
22973
5364
15911
2615
1664
2534
2532
21129
10540
13376
17402
10272
3872
30585
8018
6733
21052
28287
20852
13703
1511
29866
18346
29700
13655
15086
14178
7302
5901
15702
3541
888
6558
11437
742
25145
11705
8318
21325
14520
29030
9536
26100
27969
8332
31434
24737
7830
28342
5901
28630
23618
11798
16641
17910
14634
26571
22496
5544
27749
18783
6803
2944
29773
2964
873
2781
28630
13920
3087
12813
8735
26166
28093
27064
21575
30343
12717
891
2434
13705
9681
11219
14700
1335
2501
13117
1181
3481
2051
29339
6013
25669
20310
20186
12121
19750
24721
8146
30135
30844
25728
32365
9703
25124
7711
15884
12507
13850
19722
5414
21305
24124
5173
14642
20909
7504
14557
29128
20356
23369
19902
26371
29559
1734
7815
12073
20164
12252
28555
24462
14980
16405
26041
9397
7992
29624
10958
9657
23205
30795
8649
14059
14306
21591
16287
8125
11695
31851
23601
30687
22280
14691
3963
24487
23034
17386
28430
6070
12470
14654
16320
15321
2276
19764
28578
9517
11577
23931
27698
14215
11596
18980
10450
7698
14245
14178
27001
15162
23063
7311
9641
20425
7249
17520
6049
7504
10415
8890
19411
1993
30550
8917
17560
31354
12159
21471
1571
5149
13075
5620
7859
24125
2169
11437
32525
5091
5803
23270
14122
15218
26512
27589
27437
6096
25734
19704
5272
13510
16701
7741
25534
4778
2252
23080
21884
13627
254
31777
20772
6604
22509
18348
25274
22693
20435
5357
25955
30118
23836
18027
12826
9261
27328
19476
9893
570
14543
22401
6343
3793
2382
9596
2488
24480
3905
191
11730
23010
21513
25087
7309
29315
1776
20777
15533
14725
27395
27628
16570
13474
22304
13687
18353
19763
31823
4996
30201
21840
26197
7317
6808
26681
27271
7037
13479
10740
30941
27683
27907
10808
839
5507
22598
28298
28484
17653
5366
26534
17840
3762
6652
22048
5341
6036
18775
25163
14566
3101
6929
27482
32320
2235
29810
20933
21138
22346
32629
16623
30663
9691
5752
15365
28001
6836
6199
29225
1040
27032
14331
7632
20355
20040
7695
29544
27262
4169
27764
25407
16685
29672
31701
12960
21944
15484
25789
12351
13079
9195
10504
2006
552
27503
4504
30993
29950
27034
5193
30120
31868
14744
22054
27338
31779
28597
7645
14786
28713
30494
19056
9173
14795
31980
8750
11625
1508
3166
3554
15469
445
16486
5194
30196
21031
11880
10698
7971
199
28222
10338
1358
21426
25471
990
12638
17210
11265
3660
27254
519
22428
24755
19414
19305
19761
15362
29183
27628
235
30279
791
14381
24517
18465
5776
26093
5197
3704
16389
31588
2215
21611
16740
18647
18900
14730
10322
8301
12341
2118
23243
16447
29002
4261
22281
8878
32448
6971
10920
10489
22187
2133
25863
21519
10512
28535
2289
32673
30374
21257
16765
21372
3293
15437
24114
24342
800
21396
23151
4966
7511
18610
29706
3833
14257
8111
5432
28739
8096
13759
5549
8755
32293
4724
5892
22282
14157
22835
96
9580
25340
28389
23892
31671
17129
10222
9216
23957
23018
4707
9853
8141
2162
12407
13180
5727
21079
14135
10793
26831
12761
9592
1366
193
7137
18189
8661
18118
6534
30781
17445
8566
6869
15732
8530
27327
26322
824
28438
20348
19642
6751
16196
19785
31371
17535
10854
17046
7366
25767
3493
17659
11124
10316
24554
12747
2151
15494
25155
11500
21186
25469
12168
486
5052
32285
28478
6969
10400
24082
12219
1012
3608
29680
11147
10115
28844
11697
32275
17353
9862
6501
2932
16751
30328
8229
8115
26235
20544
27977
2326
5924
23050
21979
12753
6372
30518
21579
31969
3024
11356
27747
27193
3621
1165
2942
17948
15907
23516
14581
26570
3614
13085
10971
17246
7890
28909
4842
21239
5111
13299
14268
6934
5909
6757
11839
20039
31898
8909
18275
21508
16170
2573
1557
14038
17718
19104
12657
15805
9424
8484
22323
13522
22973
14869
21103
10539
8652
27868
10883
7167
29543
10248
24137
28938
17000
29403
28561
7219
1838
10248
17102
21101
15343
19899
9999
16859
17487
11994
6705
5431
29490
6538
7507
18036
8911
26358
11659
1186
4871
12364
13527
12563
500
21767
1879
14268
12996
13940
16569
18141
22216
19567
5620
10725
3272
30574
28473
19344
27290
13250
24102
9042
17650
4633
17470
4600
10620
6470
15766
29069
16168
30021
9168
23674
198
6009
15693
28658
1490
11321
27807
3469
19857
2443
29757
24627
16477
31535
8827
10300
23356
4064
31161
4821
14776
19414
10458
8358
29163
25743
26616
24498
30426
27087
3413
31870
29956
32742
28309
28277
23866
3889
25131
17291
4528
3299
29970
20257
26965
16645
10429
16424
32096
11708
19792
25226
29995
31691
19472
4037
17477
4184
30232
4825
3779
12275
11087
869
10198
21204
28054
23565
24227
3684
13382
20510
3406
14336
5081
9333
7768
9465
3559
3997
31788
11231
7509
25911
7924
19199
21193
4255
11441
6186
5472
8908
24459
23992
23460
30584
9829
2253
28856
13697
13237
19675
6614
11920
28307
8296
12284
25080
31248
30482
481
9953
18120
23760
4654
16805
25275
22138
1515
26746
31576
11148
22327
31570
17883
32039
8253
29439
16857
20056
4707
19355
2585
24989
28100
28199
10150
4005
3297
23922
6946
31576
22675
10812
4189
18199
14405
29340
28711
12101
21087
28831
17506
11782
12549
23602
8795
3142
7938
9282
3930
1022
20735
17185
4983
22450
12025
12844
28336
831
20978
16555
9273
27091
2534
20984
20499
9533
0
18148
31456
23143
18702
5718
24566
14112
31795
22837
22962
32031
8667
19848
26638
15941
3828
5340
1398
11811
92
12774
15832
11452
2709
2410
15355
28300
12736
27228
16657
26057
15817
24900
14991
20712
7903
23271
27196
4707
30247
23075
21640
13754
5809
17691
26912
17848
4779
3476
6591
22519
10452
14495
21319
29094
9780
2425
3344
10634
4107
21423
25216
11075
10759
14469
27356
32721
11449
21401
17245
16214
16458
6852
32647
4125
3946
30017
29622
5852
1674
19985
3578
15414
4939
9629
12580
27524
30774
26270
17953
11989
2221
570
30599
19507
24865
5999
19310
18473
28550
10677
3969
29058
24580
10975
19285
23122
16880
23619
11513
25147
30970
19226
9166
13801
20136
27690
7576
26591
14339
6818
6614
1654
9104
32325
1871
21282
25473
7370
8174
32504
2093
6787
14031
4205
16062
28222
11418
22113
2089
3177
32272
3164
23652
19833
8419
5143
3539
5004
8907
26686
259
29516
16086
11380
3226
25623
23808
32408
5518
15198
12291
27974
15254
30539
25968
14241
10718
7335
7167
14928
24575
11258
5155
11719
1838
29172
20194
6600
10163
14091
3812
8745
21150
4710
28618
4311
5045
25594
1985
16667
16304
14835
18262
20508
29353
9557
2956
13990
21198
16867
5675
12329
27481
30016
24668
4869
13250
10580
31603
32260
5938
1521
29708
32552
4156
28086
27481
6056
11464
16948
23226
16693
3663
13136
13710
22657
14926
7656
23882
4354
20212
15802
7112
22004
28702
13953
6113
